500 996
0 1 9
0 2 4
0 3 9
0 5 9
0 7 2
0 9 8
0 10 9
0 11 2
0 13 6
0 14 10
0 17 2
0 18 9
0 19 7
0 20 3
0 22 6
0 23 5
0 25 7
0 28 8
0 32 9
0 36 4
0 38 2
0 44 3
0 45 2
0 47 6
0 50 1
0 57 2
0 60 8
0 61 2
0 68 6
0 71 3
0 77 7
0 78 2
0 86 4
0 88 8
0 91 2
0 98 1
0 103 2
0 107 7
0 110 7
0 116 2
0 118 2
0 122 2
0 130 9
0 139 8
0 140 9
0 201 5
0 234 3
0 240 2
0 241 10
0 255 6
0 267 3
0 268 6
0 271 1
0 284 3
0 289 6
0 304 9
0 318 6
0 325 8
0 352 4
0 367 3
0 382 1
0 384 2
0 391 7
0 398 5
0 434 1
0 470 8
1 3 4
1 4 6
1 6 3
1 7 8
1 8 3
1 15 3
1 17 6
1 21 2
1 27 1
1 28 8
1 43 5
1 45 3
1 49 7
1 65 9
1 67 2
1 75 8
1 78 6
1 97 10
1 99 7
1 106 5
1 112 10
1 125 9
1 133 6
1 137 2
1 140 2
1 141 4
1 143 10
1 156 5
1 175 4
1 177 7
1 189 1
1 195 7
1 196 6
1 199 7
1 204 8
1 210 2
1 212 5
1 232 3
1 251 5
1 253 8
1 265 6
1 267 10
1 275 1
1 298 8
1 304 5
1 306 4
1 353 5
1 358 5
1 380 4
1 401 8
1 425 8
1 445 4
1 453 4
1 475 1
1 477 2
1 484 7
1 491 8
2 4 5
2 16 7
2 41 5
2 57 7
2 79 6
2 102 8
2 166 4
2 175 4
2 192 10
2 198 5
2 238 9
2 357 9
3 8 6
3 217 10
3 314 1
3 372 5
3 373 7
3 441 5
3 467 9
3 492 3
4 5 9
4 6 8
4 12 10
4 13 8
4 15 1
4 16 5
4 18 10
4 19 9
4 23 2
4 30 3
4 36 10
4 40 6
4 53 2
4 62 10
4 64 10
4 69 8
4 74 5
4 80 9
4 83 7
4 86 2
4 87 3
4 93 2
4 99 10
4 102 7
4 114 2
4 117 7
4 154 1
4 157 7
4 174 2
4 180 9
4 192 9
4 194 9
4 200 4
4 207 7
4 218 8
4 227 8
4 249 7
4 253 9
4 286 10
4 288 4
4 297 6
4 316 5
4 326 3
4 377 9
4 390 3
4 405 4
4 440 7
4 449 9
4 463 9
5 11 5
5 12 8
5 22 4
5 24 1
5 30 2
5 33 4
5 34 9
5 39 8
5 42 7
5 62 7
5 67 8
5 135 7
5 327 1
5 347 7
6 9 6
6 29 7
6 31 3
6 37 1
6 50 7
6 55 2
6 60 6
6 82 10
6 101 8
6 105 9
6 110 5
6 115 8
6 133 9
6 143 2
6 148 10
6 154 4
6 161 1
6 182 6
6 191 4
6 203 9
6 231 9
6 248 7
6 303 6
6 318 4
6 336 5
6 356 4
6 370 3
6 397 7
6 406 4
6 408 9
6 416 6
6 431 5
6 447 3
6 452 3
6 464 5
6 472 3
7 59 2
7 129 7
8 10 5
8 14 4
8 20 9
8 26 7
8 117 3
8 121 3
8 278 3
8 490 5
9 104 5
9 124 9
9 149 9
9 234 9
9 347 3
9 349 10
9 417 6
9 482 3
10 32 6
10 51 3
10 58 4
10 85 9
10 95 9
10 105 3
10 108 4
10 121 2
10 206 1
10 233 1
10 406 9
11 61 6
11 225 5
11 231 5
11 245 5
11 298 4
11 324 5
11 341 3
11 357 6
11 382 2
11 422 9
11 451 1
12 37 9
12 84 9
12 205 6
12 344 1
12 389 2
13 26 8
13 40 8
13 116 5
13 128 3
13 474 8
14 123 4
14 134 8
14 149 9
14 280 5
14 394 7
15 46 8
15 47 7
15 73 2
15 118 4
15 127 5
15 131 8
15 142 2
15 188 6
15 216 7
15 235 8
15 237 1
15 258 5
15 281 1
15 329 10
15 331 3
15 376 5
15 383 2
15 385 1
15 432 7
15 436 2
15 446 3
16 21 10
16 33 3
16 43 4
16 49 8
16 68 8
16 96 8
16 113 5
16 146 9
16 148 1
16 151 5
16 167 8
16 202 1
16 219 10
16 246 2
16 317 10
16 325 10
16 384 6
16 391 7
16 428 4
16 478 1
17 38 3
17 46 4
17 52 7
17 147 1
17 346 7
17 482 7
18 51 10
18 54 10
18 111 1
18 161 6
18 167 10
18 478 10
19 24 10
19 153 3
19 172 4
19 236 9
19 264 2
20 165 4
20 168 2
20 392 7
21 25 6
21 34 8
21 75 8
21 436 8
22 42 1
22 76 7
22 151 8
22 152 3
22 157 2
22 158 6
22 174 10
22 345 3
24 27 6
24 35 3
24 72 1
24 134 2
25 35 9
25 135 7
25 190 6
25 193 7
25 221 2
25 255 10
25 280 5
25 335 5
25 379 7
25 448 3
26 29 1
26 64 4
26 65 6
26 84 3
26 91 6
26 109 1
26 128 3
26 171 9
26 260 5
26 291 9
26 295 8
27 44 6
27 56 2
27 90 5
27 92 7
27 106 9
27 119 7
27 164 8
27 168 5
27 288 1
27 290 2
27 294 5
27 334 6
27 374 7
27 378 5
27 454 6
28 180 3
28 342 1
29 31 3
29 224 9
29 245 2
29 281 8
29 437 2
30 98 8
30 199 7
31 39 8
31 55 6
31 56 6
31 181 2
31 242 2
31 250 5
31 282 4
31 443 2
32 81 9
32 82 1
32 155 9
32 466 7
32 474 8
32 494 7
33 48 2
33 59 1
33 97 8
33 127 10
33 188 4
33 232 2
33 313 2
34 58 8
34 204 6
34 310 5
35 71 7
35 89 1
35 163 4
35 171 7
35 311 3
35 333 1
35 415 3
37 41 10
37 53 9
37 81 6
37 108 5
37 130 2
37 259 10
37 430 10
37 469 10
38 494 4
39 70 1
39 203 4
39 222 5
39 248 6
39 292 6
39 450 10
40 361 6
40 396 8
41 93 10
41 144 4
41 183 10
41 213 9
41 303 2
42 223 3
43 48 1
43 80 10
43 214 2
43 229 4
43 283 1
43 309 8
43 340 3
43 348 3
43 471 3
44 136 5
44 331 4
44 332 10
45 63 9
45 69 6
45 399 10
45 455 3
47 217 2
47 243 5
47 266 9
48 131 6
48 340 9
48 471 5
49 52 6
49 54 4
49 76 1
49 95 5
49 115 2
49 125 3
49 138 9
49 153 9
49 186 10
49 196 9
49 266 3
49 277 4
49 334 5
49 335 2
49 338 8
49 364 4
49 376 8
49 390 5
49 392 1
49 402 9
49 403 4
49 407 5
49 423 10
50 66 9
50 72 7
50 88 2
50 145 2
50 252 5
50 395 8
50 401 8
52 63 10
52 162 9
52 421 3
52 468 1
53 124 6
53 301 7
54 119 6
54 166 2
54 441 10
55 185 6
55 208 1
55 256 2
56 138 2
56 169 9
56 263 5
56 287 3
56 492 7
57 70 2
57 85 9
57 94 10
57 146 9
58 227 10
58 302 2
59 96 7
59 445 6
60 351 7
60 355 2
60 423 1
60 489 1
61 66 2
61 120 9
61 132 1
61 189 1
61 238 6
61 308 4
61 333 3
62 87 8
62 113 8
62 114 5
62 136 4
62 193 8
62 214 7
62 310 2
62 323 7
62 456 9
63 366 6
63 419 8
64 79 9
64 172 8
64 307 10
65 132 4
65 152 8
65 209 6
65 222 1
65 261 8
65 270 1
65 326 9
65 371 2
65 408 2
66 73 8
66 74 3
66 184 5
66 349 7
66 435 2
66 439 6
67 107 5
67 219 8
68 160 1
68 243 5
68 262 1
69 77 2
69 89 8
69 100 6
69 101 9
69 142 6
69 162 10
69 170 5
69 181 2
69 187 7
69 244 8
69 279 7
69 343 3
70 129 6
70 455 4
71 183 6
71 254 3
72 100 4
72 191 2
72 265 7
72 307 7
72 396 7
72 424 9
72 458 9
74 83 8
74 173 3
74 220 5
74 493 8
75 112 3
75 126 9
75 137 3
75 177 10
75 363 10
75 470 2
75 484 5
77 145 5
77 211 8
77 286 7
77 402 5
78 164 8
78 179 3
78 187 9
78 190 2
78 294 4
78 375 9
79 90 5
79 92 1
79 247 6
79 452 3
80 205 6
80 360 1
82 104 4
82 126 7
82 160 6
82 165 9
82 194 7
82 239 3
82 360 2
84 123 9
85 122 10
85 226 1
85 277 6
85 356 6
85 409 6
86 241 9
86 327 6
86 375 8
86 495 3
87 94 5
87 109 10
87 158 4
87 354 9
87 465 5
88 274 4
89 185 5
90 473 4
91 229 6
91 237 1
92 103 7
92 163 10
92 210 5
92 488 4
93 207 5
93 220 3
93 296 1
93 433 8
94 111 4
94 197 8
94 273 5
96 173 1
96 202 1
96 424 7
96 497 4
99 225 5
99 399 9
99 460 9
100 251 10
100 420 8
101 141 4
101 283 7
102 258 8
103 279 2
103 361 5
104 139 6
107 216 1
107 314 10
107 389 3
109 270 8
110 393 10
110 457 9
111 309 5
111 366 9
111 405 10
111 485 4
112 120 7
112 419 9
112 425 9
112 493 2
113 249 3
113 254 7
113 352 9
113 365 5
114 322 8
114 486 8
116 343 10
117 460 6
119 228 3
119 272 4
120 479 5
121 483 4
124 472 6
125 400 5
126 144 4
126 285 5
126 339 8
126 387 2
126 409 5
126 440 7
127 385 3
127 497 2
128 299 3
128 346 6
129 291 7
130 150 10
130 418 6
131 170 10
132 250 3
132 301 7
132 315 4
134 299 2
135 159 5
135 496 4
137 150 5
137 156 2
137 365 10
139 169 8
139 176 1
139 257 9
139 337 5
140 147 1
140 275 6
140 328 3
140 417 8
140 435 4
140 453 10
141 201 5
141 315 1
141 323 6
141 363 10
142 302 2
143 178 6
143 182 4
143 300 3
143 426 8
144 386 5
144 387 9
145 198 6
145 308 7
146 159 6
146 429 9
146 480 8
146 488 6
147 155 5
147 442 7
147 481 3
148 269 9
148 379 2
149 252 8
149 479 4
149 499 8
150 244 3
150 274 7
150 350 10
150 412 2
151 438 2
152 407 10
152 485 2
153 431 2
154 246 5
154 319 8
155 261 1
156 184 4
156 433 4
157 269 7
157 454 5
158 176 1
158 395 6
158 410 6
158 418 10
158 444 10
160 212 4
160 230 7
160 278 3
160 342 9
161 358 10
162 260 7
163 421 2
165 305 4
165 383 5
166 271 10
169 336 6
170 233 8
171 179 8
172 178 6
172 209 4
172 413 3
173 276 10
173 305 8
173 330 6
173 362 3
173 422 10
174 338 9
175 239 4
176 208 10
176 264 9
176 372 5
177 186 9
177 257 7
178 200 4
179 368 1
181 224 9
182 197 2
183 394 1
186 432 4
188 247 4
188 443 10
188 446 7
190 218 10
190 353 4
190 411 1
190 451 8
191 195 8
191 370 10
193 213 4
196 317 1
196 380 7
196 461 1
198 284 5
199 236 8
201 211 2
201 228 6
201 263 8
201 272 2
201 319 6
201 475 1
203 223 1
203 235 4
203 282 4
203 329 2
205 206 2
205 230 5
205 297 9
205 450 1
206 215 1
206 285 2
206 412 1
206 437 10
209 215 2
209 221 1
209 268 9
209 332 7
209 369 2
209 457 10
210 311 4
214 313 4
216 320 2
216 348 6
217 240 1
217 339 8
219 287 6
219 290 4
219 414 9
219 489 1
221 226 6
221 464 5
222 259 7
223 374 7
224 377 9
226 242 2
226 499 6
227 444 4
228 295 1
228 462 5
232 386 8
232 462 9
232 476 3
234 337 7
235 292 9
238 256 1
239 289 8
239 293 1
239 388 4
239 498 7
240 312 6
240 354 8
242 341 10
242 477 6
245 404 4
246 447 9
249 381 6
249 426 10
250 324 4
251 322 9
251 393 10
251 469 1
252 373 1
253 449 2
261 262 8
263 273 10
265 276 9
266 398 4
268 300 2
269 461 8
270 428 3
270 430 1
273 293 2
273 413 2
273 465 10
274 368 1
277 320 1
277 381 5
278 306 7
279 312 4
279 458 6
280 490 10
281 321 2
282 296 7
283 415 4
284 473 6
286 397 10
287 456 9
290 330 4
290 351 6
291 367 8
293 388 4
295 442 6
295 463 8
296 316 5
296 359 5
296 438 6
299 411 7
303 427 2
303 486 4
306 496 7
307 429 4
310 321 9
312 355 7
318 459 1
319 466 7
320 328 7
328 439 3
332 404 9
333 371 8
333 420 2
333 491 7
334 344 3
335 345 5
340 369 1
340 487 6
341 410 9
344 350 2
348 359 4
353 483 7
354 476 10
355 362 3
355 403 6
358 364 10
361 416 6
361 481 2
363 480 7
364 434 2
370 400 4
372 427 6
377 378 2
380 467 9
383 414 1
392 468 8
406 459 8
407 495 5
413 487 9
422 448 1
473 498 8
