200 9875
0 2 4
0 3 2
0 4 8
0 8 2
0 9 7
0 10 6
0 11 9
0 13 6
0 14 2
0 17 7
0 20 6
0 23 7
0 24 10
0 26 7
0 27 8
0 28 6
0 35 7
0 42 4
0 43 2
0 44 2
0 45 5
0 46 8
0 47 3
0 48 2
0 50 5
0 51 7
0 52 2
0 53 5
0 57 9
0 59 6
0 60 7
0 67 8
0 68 3
0 69 10
0 70 2
0 71 10
0 74 5
0 76 1
0 78 2
0 79 2
0 80 8
0 82 2
0 85 6
0 86 5
0 89 3
0 90 8
0 91 4
0 94 4
0 95 2
0 96 10
0 101 5
0 105 3
0 107 2
0 108 7
0 109 8
0 112 10
0 114 4
0 117 7
0 120 9
0 125 10
0 126 2
0 127 3
0 131 10
0 132 8
0 135 10
0 136 10
0 137 3
0 140 5
0 141 3
0 143 10
0 145 7
0 146 2
0 149 6
0 150 8
0 153 2
0 155 9
0 156 3
0 157 4
0 159 10
0 160 7
0 161 3
0 163 8
0 166 3
0 167 1
0 169 10
0 170 5
0 173 6
0 176 3
0 177 4
0 178 7
0 179 4
0 180 8
0 184 1
0 185 6
0 186 8
0 188 8
0 189 8
0 190 2
0 191 6
0 192 4
0 193 6
0 195 2
0 198 6
1 6 9
1 7 6
1 8 9
1 9 7
1 10 7
1 11 9
1 13 7
1 15 1
1 16 4
1 21 7
1 22 5
1 27 2
1 31 7
1 33 4
1 34 1
1 37 8
1 38 7
1 40 2
1 43 3
1 47 1
1 49 7
1 50 9
1 52 6
1 53 8
1 55 8
1 56 8
1 59 6
1 60 4
1 61 4
1 65 4
1 66 2
1 72 9
1 74 5
1 77 4
1 78 7
1 79 10
1 81 8
1 84 2
1 86 4
1 87 9
1 90 5
1 91 4
1 92 8
1 93 6
1 96 6
1 99 3
1 100 3
1 101 2
1 107 4
1 108 8
1 109 1
1 114 9
1 115 7
1 116 5
1 119 5
1 121 8
1 127 8
1 129 8
1 134 4
1 136 9
1 139 5
1 141 1
1 142 8
1 144 5
1 145 1
1 146 4
1 147 8
1 150 3
1 152 8
1 156 1
1 158 4
1 160 5
1 161 8
1 162 9
1 164 5
1 167 3
1 169 7
1 171 1
1 177 7
1 178 10
1 180 3
1 181 4
1 184 8
1 185 2
1 186 3
1 187 2
1 188 3
1 189 6
1 190 6
1 195 10
1 197 8
1 198 3
1 199 3
2 5 8
2 6 1
2 7 3
2 8 10
2 11 5
2 12 3
2 15 9
2 19 3
2 20 5
2 21 5
2 22 3
2 23 7
2 25 9
2 26 3
2 28 7
2 30 2
2 31 10
2 33 3
2 36 2
2 37 9
2 38 4
2 41 1
2 42 6
2 44 7
2 58 2
2 59 10
2 60 6
2 65 1
2 66 3
2 67 8
2 68 6
2 69 1
2 71 9
2 72 9
2 75 10
2 76 3
2 78 7
2 79 5
2 80 3
2 86 10
2 87 9
2 88 10
2 92 7
2 96 6
2 97 2
2 98 9
2 99 10
2 100 6
2 102 4
2 103 3
2 104 5
2 105 7
2 107 6
2 108 5
2 110 8
2 112 3
2 113 10
2 114 7
2 115 5
2 116 4
2 117 7
2 119 2
2 122 4
2 123 5
2 124 10
2 127 5
2 133 7
2 134 10
2 135 1
2 136 4
2 139 3
2 142 7
2 145 8
2 148 4
2 149 7
2 150 1
2 153 7
2 155 3
2 158 2
2 162 4
2 165 7
2 166 7
2 167 9
2 169 10
2 172 4
2 177 2
2 180 3
2 183 10
2 184 6
2 186 7
2 189 5
2 191 4
2 192 7
2 194 7
2 195 2
2 197 7
2 198 1
3 4 6
3 7 7
3 8 9
3 10 2
3 12 8
3 16 10
3 18 6
3 19 9
3 21 1
3 23 2
3 25 7
3 27 1
3 29 7
3 30 2
3 31 1
3 32 9
3 33 4
3 36 8
3 37 5
3 38 7
3 42 9
3 43 9
3 44 4
3 45 1
3 46 7
3 47 5
3 49 6
3 53 2
3 55 1
3 58 7
3 59 5
3 60 1
3 61 2
3 63 2
3 65 10
3 66 1
3 68 4
3 69 4
3 71 2
3 73 1
3 77 10
3 79 3
3 80 2
3 83 2
3 88 6
3 89 10
3 91 2
3 92 4
3 93 9
3 94 2
3 95 2
3 97 8
3 98 4
3 101 4
3 108 6
3 113 8
3 114 5
3 115 6
3 118 9
3 119 3
3 124 7
3 125 6
3 126 10
3 127 6
3 128 10
3 129 2
3 130 10
3 137 5
3 138 9
3 140 9
3 143 8
3 146 5
3 147 2
3 148 5
3 149 9
3 152 7
3 154 2
3 158 1
3 159 9
3 160 8
3 162 8
3 167 4
3 168 5
3 169 5
3 173 8
3 176 10
3 178 7
3 181 2
3 182 10
3 185 9
3 188 6
3 189 6
3 191 6
3 194 1
3 197 4
3 199 6
4 9 3
4 11 10
4 15 9
4 16 8
4 19 4
4 20 6
4 22 5
4 25 1
4 26 6
4 27 7
4 30 2
4 32 8
4 36 7
4 40 8
4 41 5
4 46 8
4 48 3
4 50 5
4 52 9
4 53 10
4 55 8
4 61 10
4 62 6
4 66 3
4 67 1
4 72 3
4 73 9
4 76 5
4 79 3
4 81 8
4 82 2
4 83 7
4 87 4
4 88 4
4 91 4
4 93 4
4 94 8
4 95 5
4 96 1
4 97 7
4 101 7
4 102 3
4 103 8
4 106 4
4 107 1
4 109 7
4 110 8
4 111 8
4 112 8
4 116 5
4 119 6
4 123 1
4 125 7
4 127 9
4 130 3
4 140 3
4 141 10
4 144 9
4 145 1
4 147 6
4 148 3
4 154 7
4 156 10
4 159 7
4 160 6
4 162 2
4 169 2
4 171 10
4 173 6
4 179 10
4 180 2
4 181 9
4 185 2
4 186 4
4 189 4
4 190 9
4 191 3
4 193 8
4 194 7
4 195 9
4 197 5
4 198 5
5 8 3
5 10 9
5 11 1
5 12 2
5 13 1
5 14 9
5 16 7
5 17 1
5 18 7
5 21 9
5 25 6
5 26 1
5 27 8
5 28 1
5 30 6
5 34 5
5 36 7
5 37 3
5 39 2
5 41 2
5 42 6
5 44 2
5 45 2
5 47 10
5 49 5
5 50 1
5 51 5
5 52 9
5 54 1
5 55 9
5 57 10
5 58 7
5 59 1
5 60 9
5 64 5
5 67 6
5 70 10
5 74 7
5 76 3
5 77 1
5 78 5
5 80 4
5 82 6
5 83 9
5 85 7
5 86 3
5 89 9
5 92 6
5 94 9
5 100 8
5 101 2
5 102 9
5 103 10
5 104 5
5 105 2
5 106 10
5 107 4
5 109 4
5 110 1
5 112 7
5 114 7
5 115 3
5 121 10
5 122 5
5 123 7
5 130 10
5 132 1
5 134 6
5 135 7
5 137 3
5 146 9
5 149 8
5 150 2
5 152 9
5 153 9
5 154 4
5 157 2
5 158 9
5 160 4
5 162 4
5 163 3
5 164 5
5 165 6
5 169 6
5 170 9
5 171 6
5 174 6
5 176 8
5 177 1
5 178 5
5 180 5
5 181 4
5 182 9
5 184 1
5 186 2
5 187 7
5 189 5
5 190 6
5 191 8
5 192 9
5 193 5
5 194 1
5 195 9
5 197 8
5 198 1
6 10 6
6 12 1
6 13 2
6 19 9
6 20 10
6 21 1
6 22 5
6 27 10
6 29 2
6 32 6
6 33 4
6 34 3
6 35 10
6 36 9
6 38 9
6 41 4
6 45 6
6 46 5
6 47 10
6 51 3
6 53 5
6 56 6
6 63 6
6 64 8
6 65 6
6 66 9
6 67 4
6 68 1
6 70 7
6 71 6
6 72 5
6 74 3
6 79 3
6 83 10
6 86 7
6 87 4
6 88 7
6 89 5
6 90 2
6 92 10
6 95 4
6 96 2
6 97 10
6 98 2
6 100 4
6 101 7
6 102 8
6 103 2
6 104 6
6 108 4
6 109 2
6 111 5
6 116 1
6 118 7
6 119 9
6 122 5
6 125 5
6 126 3
6 135 2
6 136 4
6 137 6
6 138 6
6 139 9
6 141 4
6 142 5
6 143 3
6 144 9
6 146 3
6 150 1
6 151 10
6 153 2
6 154 4
6 155 1
6 159 5
6 160 9
6 161 7
6 163 3
6 164 4
6 165 2
6 167 1
6 169 6
6 171 6
6 173 3
6 176 4
6 177 2
6 178 3
6 183 5
6 184 5
6 188 5
6 191 10
6 193 1
6 195 4
6 196 2
6 198 8
6 199 6
7 8 7
7 9 7
7 10 4
7 12 8
7 14 4
7 15 9
7 20 2
7 21 10
7 24 10
7 26 9
7 27 7
7 28 7
7 29 5
7 34 6
7 35 4
7 36 8
7 37 10
7 38 2
7 40 10
7 41 4
7 44 5
7 46 10
7 47 9
7 48 1
7 50 1
7 51 10
7 53 9
7 55 6
7 60 7
7 61 2
7 64 4
7 65 6
7 67 2
7 72 4
7 73 3
7 76 3
7 78 3
7 82 4
7 84 10
7 85 2
7 86 5
7 87 10
7 88 1
7 93 9
7 95 10
7 96 2
7 99 9
7 100 5
7 101 8
7 105 10
7 107 9
7 108 3
7 113 1
7 117 7
7 118 9
7 120 3
7 122 10
7 124 4
7 125 8
7 127 6
7 129 7
7 132 10
7 134 3
7 138 2
7 141 1
7 142 8
7 144 10
7 145 3
7 150 10
7 154 8
7 156 8
7 157 5
7 159 2
7 160 3
7 162 4
7 163 7
7 164 1
7 166 5
7 168 2
7 169 9
7 171 3
7 173 1
7 174 8
7 177 8
7 178 9
7 179 3
7 188 3
7 189 1
7 190 6
7 192 9
7 194 9
7 198 1
7 199 8
8 14 4
8 17 2
8 19 1
8 23 8
8 25 10
8 27 10
8 28 6
8 29 3
8 30 4
8 31 5
8 33 6
8 37 7
8 40 9
8 41 10
8 44 10
8 46 6
8 53 10
8 54 8
8 59 3
8 61 3
8 63 6
8 65 10
8 68 10
8 69 7
8 70 6
8 71 7
8 72 3
8 73 8
8 75 5
8 80 3
8 81 4
8 83 4
8 84 5
8 85 8
8 86 1
8 87 4
8 88 6
8 89 2
8 91 5
8 93 8
8 94 6
8 96 10
8 98 4
8 100 2
8 101 6
8 102 6
8 106 1
8 107 7
8 108 8
8 109 6
8 112 3
8 115 2
8 119 4
8 120 7
8 122 3
8 124 2
8 127 5
8 130 3
8 132 4
8 134 8
8 137 9
8 140 6
8 141 3
8 142 9
8 143 2
8 144 10
8 147 8
8 149 9
8 152 2
8 153 6
8 157 7
8 159 1
8 166 2
8 167 10
8 174 9
8 178 10
8 180 3
8 182 7
8 183 9
8 184 7
8 185 1
8 187 7
8 192 8
8 193 2
8 194 7
8 195 8
8 198 7
8 199 1
9 11 10
9 12 7
9 18 7
9 19 7
9 21 6
9 23 8
9 24 5
9 25 2
9 27 7
9 28 3
9 31 10
9 32 3
9 34 3
9 39 10
9 40 9
9 42 2
9 43 5
9 44 7
9 45 2
9 46 7
9 50 5
9 53 9
9 57 2
9 58 5
9 60 6
9 62 1
9 65 1
9 68 1
9 69 8
9 71 3
9 74 5
9 80 2
9 82 1
9 85 10
9 86 1
9 91 5
9 93 1
9 95 9
9 98 4
9 101 10
9 102 9
9 103 2
9 104 9
9 105 1
9 106 4
9 107 2
9 112 9
9 117 9
9 119 1
9 120 9
9 121 2
9 122 1
9 123 6
9 124 5
9 127 6
9 129 2
9 132 5
9 133 7
9 134 2
9 135 9
9 139 1
9 140 6
9 142 8
9 144 10
9 145 6
9 146 9
9 149 1
9 151 4
9 154 7
9 155 10
9 158 3
9 159 2
9 161 9
9 163 10
9 167 2
9 168 6
9 170 8
9 171 6
9 173 10
9 176 3
9 178 7
9 179 1
9 180 9
9 183 4
9 187 6
9 188 3
9 189 8
9 192 10
9 194 9
9 195 4
10 11 2
10 13 5
10 16 5
10 21 9
10 22 8
10 26 7
10 27 7
10 28 2
10 29 5
10 34 10
10 35 4
10 36 9
10 39 9
10 41 9
10 44 3
10 45 1
10 46 7
10 47 9
10 50 2
10 52 2
10 53 5
10 54 10
10 56 5
10 58 7
10 61 2
10 64 5
10 65 3
10 66 1
10 68 1
10 69 2
10 70 7
10 75 2
10 76 7
10 81 7
10 82 5
10 83 3
10 84 7
10 86 9
10 88 9
10 95 5
10 96 2
10 97 5
10 101 3
10 103 5
10 104 1
10 108 6
10 112 6
10 114 9
10 116 10
10 119 3
10 121 5
10 122 9
10 124 5
10 128 10
10 130 4
10 131 6
10 133 2
10 134 3
10 136 3
10 139 9
10 140 2
10 142 8
10 143 9
10 144 4
10 147 9
10 148 7
10 149 1
10 150 3
10 152 6
10 155 8
10 159 4
10 160 3
10 162 3
10 164 5
10 168 4
10 169 5
10 174 4
10 176 9
10 178 1
10 180 2
10 184 9
10 185 10
10 186 9
10 188 2
10 190 9
10 192 8
10 197 8
10 198 7
10 199 6
11 12 2
11 15 1
11 16 9
11 17 8
11 18 1
11 21 4
11 27 3
11 28 3
11 30 8
11 31 1
11 32 6
11 33 1
11 34 10
11 38 3
11 40 2
11 41 8
11 44 4
11 45 10
11 46 5
11 50 3
11 52 8
11 57 5
11 58 10
11 59 7
11 60 6
11 62 5
11 64 9
11 66 8
11 71 1
11 72 9
11 74 5
11 77 5
11 79 8
11 80 2
11 82 4
11 83 4
11 85 5
11 88 1
11 92 10
11 93 2
11 97 4
11 98 1
11 99 1
11 100 7
11 101 6
11 102 9
11 103 2
11 104 7
11 105 1
11 107 5
11 108 9
11 109 7
11 110 1
11 112 9
11 113 7
11 114 4
11 115 7
11 116 2
11 121 1
11 122 2
11 123 5
11 124 8
11 125 8
11 126 5
11 127 10
11 128 7
11 129 9
11 130 6
11 131 10
11 132 9
11 135 8
11 136 2
11 137 10
11 139 9
11 142 7
11 143 7
11 147 2
11 148 5
11 150 8
11 151 6
11 154 2
11 156 7
11 158 5
11 159 8
11 161 4
11 162 5
11 169 8
11 171 3
11 172 6
11 176 8
11 177 6
11 179 4
11 183 7
11 185 6
11 186 9
11 192 1
11 196 9
11 199 6
12 14 7
12 17 8
12 20 4
12 21 10
12 22 7
12 27 8
12 28 9
12 32 5
12 33 9
12 34 1
12 35 9
12 37 10
12 39 2
12 40 2
12 41 8
12 42 2
12 43 8
12 44 10
12 45 2
12 47 6
12 48 2
12 50 7
12 54 3
12 56 1
12 57 3
12 58 2
12 61 4
12 62 3
12 63 10
12 65 8
12 66 6
12 68 6
12 70 4
12 72 1
12 75 5
12 76 6
12 78 6
12 79 9
12 80 3
12 81 10
12 88 7
12 93 1
12 95 5
12 96 7
12 97 6
12 98 6
12 99 8
12 102 5
12 103 4
12 104 9
12 105 10
12 111 5
12 112 5
12 113 10
12 114 3
12 115 6
12 116 3
12 117 9
12 118 4
12 122 9
12 124 2
12 126 7
12 127 3
12 128 9
12 130 2
12 131 5
12 133 9
12 134 6
12 138 9
12 139 4
12 142 10
12 144 9
12 148 2
12 151 8
12 153 1
12 154 10
12 156 8
12 159 7
12 162 6
12 165 8
12 166 6
12 167 4
12 168 8
12 169 8
12 170 5
12 171 8
12 173 7
12 175 3
12 176 1
12 180 3
12 186 10
12 188 4
12 193 8
12 195 1
12 196 4
12 197 3
13 14 3
13 16 7
13 18 1
13 20 8
13 21 6
13 25 8
13 27 7
13 28 6
13 30 2
13 31 7
13 32 1
13 33 2
13 35 8
13 38 3
13 39 10
13 41 1
13 42 5
13 44 5
13 45 8
13 47 9
13 48 5
13 50 10
13 52 9
13 54 1
13 56 3
13 58 4
13 59 10
13 61 3
13 62 5
13 63 5
13 65 3
13 68 9
13 69 10
13 70 6
13 71 1
13 73 6
13 77 6
13 78 2
13 79 6
13 80 10
13 82 5
13 83 8
13 85 4
13 88 6
13 90 5
13 92 9
13 94 8
13 97 4
13 98 3
13 101 4
13 102 9
13 105 1
13 107 2
13 108 4
13 109 3
13 110 3
13 118 2
13 122 4
13 123 7
13 126 8
13 127 4
13 128 4
13 134 1
13 137 9
13 142 8
13 143 3
13 144 7
13 145 1
13 146 7
13 151 7
13 153 5
13 156 7
13 157 3
13 159 7
13 162 6
13 166 4
13 170 3
13 171 6
13 172 7
13 173 5
13 175 4
13 178 9
13 181 5
13 186 5
13 187 3
13 189 10
13 192 5
13 194 3
13 195 5
13 198 7
13 199 3
14 15 6
14 16 8
14 18 10
14 19 6
14 20 1
14 23 10
14 25 4
14 27 10
14 28 2
14 29 4
14 30 2
14 36 3
14 37 9
14 38 5
14 40 8
14 41 9
14 42 9
14 45 2
14 49 5
14 50 4
14 51 3
14 53 9
14 55 4
14 56 6
14 58 3
14 60 8
14 62 4
14 64 1
14 67 4
14 68 2
14 69 5
14 70 1
14 71 8
14 75 10
14 79 8
14 81 7
14 82 8
14 83 4
14 86 4
14 91 2
14 93 6
14 94 5
14 95 8
14 97 5
14 99 4
14 101 9
14 102 6
14 103 1
14 107 2
14 108 4
14 109 1
14 110 10
14 113 6
14 114 3
14 115 4
14 116 5
14 119 10
14 120 10
14 121 2
14 122 6
14 123 2
14 127 5
14 129 8
14 130 7
14 131 8
14 132 4
14 135 5
14 137 5
14 138 2
14 139 2
14 141 2
14 142 1
14 144 3
14 145 7
14 148 2
14 150 2
14 154 7
14 156 1
14 157 5
14 159 10
14 160 6
14 163 2
14 164 1
14 165 5
14 166 7
14 169 2
14 170 5
14 172 7
14 173 7
14 174 3
14 175 2
14 177 8
14 179 8
14 180 9
14 181 2
14 183 1
14 184 6
14 185 1
14 186 2
14 194 4
14 196 10
14 199 7
15 16 3
15 17 4
15 18 10
15 21 5
15 27 8
15 29 7
15 32 9
15 34 5
15 37 1
15 40 1
15 45 5
15 50 1
15 53 3
15 54 6
15 55 3
15 56 1
15 57 6
15 58 1
15 60 3
15 62 7
15 63 10
15 67 5
15 68 5
15 75 7
15 77 10
15 78 9
15 79 3
15 80 1
15 81 2
15 86 3
15 91 4
15 93 8
15 94 9
15 96 3
15 100 7
15 103 9
15 107 7
15 110 7
15 112 5
15 114 3
15 116 6
15 120 3
15 121 7
15 122 9
15 123 2
15 124 1
15 125 3
15 126 7
15 127 9
15 131 6
15 132 5
15 134 3
15 135 9
15 139 10
15 140 6
15 142 10
15 143 7
15 145 8
15 146 8
15 147 1
15 151 9
15 154 1
15 155 5
15 157 2
15 159 8
15 160 9
15 161 5
15 162 6
15 166 8
15 167 5
15 168 1
15 169 3
15 172 1
15 173 10
15 174 7
15 175 6
15 178 8
15 179 9
15 180 6
15 181 2
15 182 5
15 184 7
15 185 4
15 186 1
15 188 5
15 190 5
15 192 9
15 193 7
15 194 3
15 195 9
15 196 6
15 197 1
15 198 9
16 18 6
16 19 1
16 26 8
16 29 10
16 31 3
16 32 6
16 40 10
16 42 9
16 46 3
16 47 7
16 49 1
16 53 10
16 56 8
16 57 3
16 58 10
16 59 6
16 60 7
16 61 10
16 66 10
16 67 4
16 68 7
16 74 10
16 75 3
16 77 8
16 78 4
16 79 10
16 80 5
16 82 3
16 83 10
16 84 6
16 87 10
16 89 4
16 90 4
16 94 5
16 96 7
16 97 6
16 98 10
16 100 4
16 102 4
16 104 3
16 106 9
16 107 5
16 109 7
16 110 6
16 117 4
16 118 5
16 120 7
16 123 1
16 124 8
16 127 1
16 128 7
16 131 2
16 135 7
16 136 4
16 137 5
16 139 9
16 142 7
16 143 6
16 147 10
16 148 4
16 149 4
16 155 8
16 156 2
16 157 2
16 160 2
16 164 4
16 165 8
16 167 7
16 170 10
16 171 5
16 172 1
16 173 8
16 174 1
16 177 5
16 178 6
16 182 3
16 185 5
16 186 4
16 187 5
16 191 8
16 194 7
16 195 5
17 24 1
17 25 4
17 26 3
17 27 4
17 30 2
17 32 10
17 41 2
17 42 3
17 43 7
17 44 6
17 47 1
17 49 7
17 50 6
17 51 4
17 53 7
17 55 8
17 56 5
17 57 7
17 59 8
17 63 5
17 67 2
17 68 1
17 69 9
17 71 1
17 72 4
17 73 8
17 76 6
17 77 6
17 80 5
17 82 5
17 84 5
17 85 3
17 87 5
17 89 1
17 91 3
17 94 9
17 96 5
17 97 10
17 98 1
17 99 8
17 100 7
17 101 2
17 103 4
17 106 7
17 108 10
17 109 2
17 110 7
17 112 4
17 114 1
17 115 8
17 118 3
17 121 9
17 123 5
17 124 9
17 127 2
17 128 10
17 130 10
17 133 1
17 134 2
17 136 6
17 138 2
17 140 8
17 144 7
17 146 2
17 147 2
17 149 6
17 150 7
17 153 1
17 156 1
17 158 1
17 160 4
17 162 1
17 163 3
17 164 8
17 165 6
17 166 6
17 167 4
17 169 2
17 171 10
17 172 6
17 173 3
17 174 4
17 176 10
17 177 3
17 182 1
17 183 4
17 186 10
17 187 2
17 188 6
17 190 1
17 191 1
17 192 6
17 193 5
17 194 3
17 195 4
17 197 5
17 199 10
18 20 3
18 23 1
18 24 1
18 25 6
18 28 7
18 30 1
18 31 10
18 33 4
18 34 7
18 39 5
18 41 10
18 43 4
18 44 7
18 48 4
18 49 9
18 50 10
18 51 7
18 55 7
18 57 5
18 58 1
18 59 8
18 60 2
18 61 4
18 69 5
18 72 1
18 74 2
18 75 1
18 77 8
18 81 5
18 83 7
18 87 7
18 88 5
18 89 3
18 91 7
18 92 10
18 94 2
18 95 9
18 96 7
18 98 8
18 100 8
18 101 4
18 102 1
18 104 10
18 105 2
18 107 5
18 108 8
18 111 7
18 113 10
18 116 2
18 117 6
18 118 7
18 119 4
18 122 9
18 125 5
18 127 6
18 128 10
18 131 8
18 134 6
18 135 10
18 136 3
18 139 5
18 141 2
18 143 4
18 144 10
18 147 9
18 148 5
18 153 10
18 156 7
18 157 9
18 159 1
18 162 4
18 165 6
18 168 2
18 169 9
18 173 3
18 177 9
18 180 5
18 181 4
18 182 3
18 185 8
18 191 6
18 193 2
18 194 3
19 21 4
19 22 1
19 23 4
19 24 10
19 27 4
19 30 7
19 34 10
19 35 3
19 37 6
19 39 8
19 40 9
19 41 6
19 44 10
19 46 9
19 48 4
19 54 3
19 57 5
19 60 8
19 63 7
19 65 4
19 66 3
19 79 2
19 80 10
19 82 6
19 83 7
19 85 7
19 86 10
19 88 7
19 90 2
19 91 5
19 93 7
19 94 6
19 95 1
19 96 10
19 100 9
19 102 3
19 104 7
19 105 1
19 106 10
19 107 4
19 109 9
19 111 4
19 112 5
19 113 4
19 114 10
19 115 5
19 116 9
19 122 6
19 124 1
19 130 4
19 133 5
19 135 3
19 138 9
19 140 10
19 141 3
19 143 6
19 146 2
19 149 8
19 150 9
19 154 3
19 155 7
19 163 10
19 164 10
19 165 8
19 166 4
19 167 2
19 171 4
19 172 10
19 173 2
19 175 10
19 176 8
19 184 5
19 186 1
19 188 7
19 189 3
19 191 9
19 192 9
19 194 9
19 196 8
19 197 1
20 22 3
20 27 4
20 31 10
20 32 1
20 36 1
20 39 1
20 40 2
20 43 5
20 44 8
20 46 2
20 47 5
20 53 4
20 55 1
20 56 9
20 57 3
20 59 7
20 60 10
20 61 6
20 63 8
20 66 9
20 67 6
20 69 2
20 72 9
20 73 3
20 74 6
20 75 8
20 76 8
20 77 8
20 79 4
20 81 4
20 84 1
20 85 1
20 86 9
20 88 9
20 92 9
20 94 6
20 96 6
20 97 8
20 98 10
20 100 3
20 102 6
20 108 10
20 110 2
20 111 6
20 114 6
20 115 3
20 117 2
20 123 2
20 125 10
20 126 7
20 131 8
20 132 2
20 133 5
20 134 6
20 135 10
20 136 2
20 137 9
20 138 5
20 140 2
20 141 2
20 142 4
20 143 4
20 145 7
20 150 8
20 152 4
20 154 1
20 158 3
20 161 5
20 163 7
20 164 5
20 167 6
20 168 9
20 169 6
20 171 2
20 172 7
20 173 4
20 175 6
20 176 4
20 179 9
20 180 1
20 181 10
20 182 3
20 184 8
20 185 3
20 187 6
20 189 8
20 191 2
20 192 1
20 193 8
20 197 4
21 22 6
21 23 2
21 24 6
21 27 6
21 32 10
21 34 8
21 36 5
21 37 10
21 39 4
21 40 3
21 41 9
21 42 7
21 45 3
21 46 4
21 47 9
21 48 7
21 50 5
21 53 5
21 54 10
21 55 1
21 62 2
21 63 7
21 65 6
21 68 9
21 73 10
21 74 8
21 75 6
21 76 1
21 78 4
21 80 8
21 81 10
21 85 2
21 86 1
21 89 1
21 90 7
21 91 2
21 93 3
21 95 9
21 96 4
21 97 3
21 100 1
21 102 10
21 103 4
21 105 3
21 106 7
21 107 1
21 113 3
21 115 8
21 116 3
21 117 9
21 118 7
21 122 1
21 124 2
21 125 4
21 126 4
21 128 6
21 129 6
21 130 3
21 131 3
21 132 2
21 133 5
21 142 7
21 143 3
21 146 4
21 147 9
21 150 9
21 151 9
21 152 3
21 153 9
21 154 6
21 155 3
21 158 7
21 159 9
21 163 3
21 164 2
21 165 2
21 168 3
21 170 6
21 172 8
21 175 7
21 176 3
21 177 8
21 178 2
21 179 6
21 192 4
21 193 9
21 195 7
21 196 9
21 197 7
22 24 2
22 25 6
22 28 6
22 30 2
22 31 1
22 34 6
22 36 10
22 37 9
22 39 6
22 43 1
22 44 4
22 47 8
22 48 5
22 49 3
22 51 10
22 52 4
22 59 10
22 60 3
22 62 5
22 66 9
22 69 8
22 70 1
22 72 4
22 74 8
22 77 10
22 79 9
22 82 5
22 84 2
22 85 2
22 87 5
22 89 6
22 91 9
22 92 4
22 94 9
22 95 9
22 96 7
22 98 5
22 100 3
22 101 3
22 102 2
22 104 10
22 105 7
22 106 1
22 107 7
22 108 7
22 109 7
22 110 6
22 112 2
22 114 4
22 115 1
22 121 8
22 124 7
22 126 8
22 128 1
22 130 8
22 131 1
22 132 9
22 135 3
22 136 6
22 137 8
22 140 8
22 143 6
22 145 10
22 147 5
22 150 9
22 151 10
22 153 2
22 154 10
22 156 3
22 160 7
22 161 8
22 162 8
22 163 1
22 164 9
22 165 1
22 167 10
22 168 5
22 170 6
22 173 10
22 174 2
22 175 6
22 180 2
22 181 5
22 182 8
22 183 5
22 186 7
22 187 5
22 189 9
22 190 8
22 191 2
22 194 3
22 195 1
22 196 7
22 198 4
23 24 5
23 27 3
23 28 5
23 31 2
23 32 10
23 35 3
23 42 1
23 43 10
23 46 1
23 47 2
23 48 5
23 49 4
23 50 4
23 53 4
23 54 7
23 55 7
23 58 2
23 59 2
23 60 3
23 61 4
23 62 3
23 63 1
23 64 2
23 65 1
23 67 5
23 68 10
23 70 3
23 71 8
23 72 3
23 73 8
23 74 5
23 79 3
23 82 2
23 84 6
23 85 5
23 88 7
23 90 10
23 91 5
23 92 6
23 94 3
23 95 8
23 96 3
23 99 8
23 100 10
23 101 1
23 102 2
23 103 3
23 106 9
23 108 9
23 111 8
23 113 4
23 114 5
23 115 3
23 119 1
23 121 10
23 123 8
23 125 5
23 126 9
23 130 8
23 132 10
23 133 5
23 135 7
23 138 9
23 140 6
23 143 10
23 144 1
23 146 7
23 147 4
23 148 3
23 149 1
23 151 8
23 152 3
23 154 10
23 156 7
23 157 7
23 158 5
23 159 3
23 164 10
23 168 3
23 169 3
23 174 5
23 175 9
23 177 10
23 178 2
23 180 9
23 181 7
23 182 9
23 184 4
23 185 9
23 186 5
23 188 7
23 192 9
23 193 9
23 194 7
23 195 10
23 196 2
23 197 1
23 199 2
24 25 8
24 26 3
24 29 2
24 33 7
24 35 8
24 38 7
24 40 6
24 42 10
24 44 4
24 46 10
24 47 4
24 48 1
24 54 6
24 55 6
24 57 6
24 59 3
24 60 2
24 62 1
24 64 4
24 67 9
24 68 7
24 71 10
24 72 9
24 73 3
24 74 3
24 77 3
24 80 6
24 82 2
24 84 2
24 86 10
24 87 2
24 89 6
24 90 2
24 93 7
24 94 3
24 95 3
24 96 6
24 97 2
24 99 2
24 100 8
24 101 2
24 103 10
24 104 3
24 106 10
24 110 2
24 113 2
24 115 1
24 116 9
24 122 5
24 123 1
24 124 2
24 126 10
24 129 1
24 133 5
24 134 3
24 135 4
24 136 2
24 137 7
24 139 1
24 141 4
24 142 10
24 147 9
24 153 1
24 156 3
24 157 9
24 159 4
24 161 8
24 164 3
24 167 2
24 169 1
24 170 1
24 171 1
24 173 2
24 175 8
24 176 10
24 178 4
24 179 9
24 182 5
24 183 7
24 184 7
24 185 9
24 186 9
24 188 8
24 189 3
24 190 10
24 193 2
24 194 6
24 196 2
24 198 5
25 27 6
25 28 7
25 30 10
25 32 9
25 34 5
25 35 4
25 36 7
25 38 10
25 39 4
25 43 2
25 44 4
25 45 6
25 47 3
25 48 4
25 51 6
25 52 3
25 57 3
25 59 3
25 60 9
25 61 4
25 62 7
25 64 1
25 66 7
25 67 9
25 69 1
25 71 2
25 74 7
25 75 6
25 76 4
25 79 1
25 81 6
25 82 5
25 83 6
25 87 8
25 90 3
25 91 9
25 93 3
25 94 8
25 97 10
25 99 1
25 101 4
25 102 4
25 104 4
25 105 4
25 106 8
25 107 6
25 108 6
25 110 8
25 118 9
25 120 4
25 121 2
25 124 9
25 125 8
25 129 10
25 130 3
25 131 7
25 134 3
25 136 3
25 137 2
25 141 6
25 144 7
25 147 1
25 150 8
25 153 8
25 154 8
25 159 4
25 160 8
25 161 5
25 165 9
25 167 5
25 168 4
25 171 9
25 173 6
25 174 8
25 176 2
25 178 10
25 182 6
25 184 2
25 185 4
25 186 4
25 187 8
25 189 2
25 190 5
25 191 2
25 195 4
25 199 2
26 27 3
26 28 3
26 29 2
26 30 1
26 31 2
26 33 2
26 34 9
26 42 7
26 44 7
26 47 4
26 52 2
26 53 3
26 54 5
26 55 7
26 57 8
26 58 2
26 60 4
26 62 9
26 64 5
26 66 5
26 70 2
26 71 9
26 72 6
26 73 3
26 76 6
26 77 9
26 78 1
26 83 8
26 84 3
26 85 2
26 86 9
26 88 10
26 92 8
26 93 2
26 98 8
26 100 5
26 102 10
26 103 8
26 105 7
26 107 9
26 108 10
26 109 1
26 111 3
26 112 8
26 115 10
26 117 10
26 119 7
26 120 3
26 121 7
26 123 3
26 128 4
26 129 10
26 131 4
26 135 3
26 137 8
26 138 5
26 139 6
26 145 9
26 146 6
26 149 3
26 150 9
26 151 1
26 152 3
26 153 4
26 154 8
26 156 9
26 157 4
26 159 7
26 164 10
26 168 4
26 172 5
26 174 3
26 177 7
26 178 2
26 182 7
26 183 9
26 187 10
26 188 5
26 190 10
26 194 1
26 195 2
26 198 9
26 199 8
27 28 2
27 30 10
27 32 1
27 33 10
27 35 7
27 38 2
27 39 8
27 40 10
27 41 9
27 46 6
27 50 9
27 52 9
27 55 4
27 57 2
27 59 4
27 63 8
27 65 10
27 66 6
27 71 6
27 76 3
27 77 7
27 78 9
27 79 9
27 80 10
27 81 10
27 83 6
27 84 7
27 85 3
27 89 8
27 90 7
27 91 7
27 93 2
27 98 6
27 103 2
27 105 1
27 108 6
27 112 6
27 113 7
27 114 10
27 117 2
27 119 6
27 121 6
27 122 3
27 123 3
27 124 3
27 125 7
27 126 3
27 127 4
27 128 4
27 129 5
27 132 10
27 133 5
27 134 8
27 135 1
27 137 8
27 138 1
27 139 6
27 141 2
27 142 9
27 143 9
27 144 8
27 146 6
27 147 3
27 148 8
27 149 4
27 155 10
27 162 9
27 163 7
27 166 6
27 167 1
27 170 2
27 171 10
27 172 7
27 176 9
27 181 6
27 182 7
27 183 5
27 184 6
27 185 5
27 186 5
27 189 2
27 190 6
27 193 4
27 197 8
27 198 3
28 31 5
28 32 6
28 36 5
28 39 8
28 41 2
28 44 4
28 46 4
28 49 6
28 51 4
28 52 2
28 55 8
28 56 6
28 58 5
28 63 5
28 64 5
28 65 8
28 67 3
28 69 8
28 71 3
28 74 4
28 76 1
28 78 8
28 79 6
28 80 4
28 82 8
28 83 2
28 84 7
28 85 4
28 87 5
28 90 10
28 93 10
28 95 10
28 96 2
28 97 4
28 98 9
28 101 4
28 102 7
28 103 5
28 106 7
28 109 5
28 110 1
28 111 2
28 113 10
28 114 6
28 116 6
28 118 4
28 119 9
28 122 9
28 123 9
28 126 2
28 127 7
28 128 10
28 132 7
28 134 1
28 136 8
28 140 5
28 141 7
28 143 7
28 148 3
28 149 2
28 151 10
28 152 2
28 155 1
28 158 7
28 159 6
28 160 2
28 162 4
28 164 6
28 166 1
28 169 10
28 170 2
28 175 7
28 176 2
28 177 4
28 178 8
28 182 9
28 183 5
28 186 8
28 187 8
28 188 1
28 190 1
28 191 7
28 192 4
28 194 8
28 195 5
28 197 1
28 199 10
29 32 9
29 33 4
29 34 9
29 36 7
29 37 4
29 40 8
29 41 5
29 43 1
29 45 6
29 48 3
29 49 9
29 50 3
29 51 9
29 55 8
29 57 8
29 58 4
29 60 5
29 62 2
29 66 5
29 70 8
29 73 3
29 74 2
29 75 6
29 77 7
29 82 10
29 83 5
29 85 5
29 89 3
29 90 2
29 91 7
29 92 7
29 93 6
29 94 2
29 95 9
29 96 6
29 97 6
29 104 4
29 106 2
29 113 7
29 114 9
29 118 10
29 119 7
29 122 6
29 123 1
29 124 5
29 126 3
29 127 2
29 128 4
29 130 6
29 131 10
29 132 3
29 135 4
29 136 6
29 137 3
29 139 1
29 143 6
29 144 7
29 146 7
29 147 6
29 149 7
29 153 4
29 159 6
29 160 7
29 165 4
29 168 7
29 171 2
29 173 5
29 176 3
29 179 6
29 180 4
29 183 9
29 184 2
29 185 6
29 186 8
29 190 8
29 191 1
29 194 3
29 195 4
29 198 6
29 199 2
30 32 5
30 35 10
30 37 9
30 38 4
30 40 3
30 41 5
30 44 10
30 47 9
30 50 1
30 51 8
30 53 6
30 55 1
30 57 8
30 58 9
30 59 10
30 60 2
30 62 6
30 63 7
30 66 1
30 67 1
30 69 2
30 71 9
30 75 6
30 78 2
30 83 2
30 84 1
30 85 6
30 86 5
30 89 6
30 91 5
30 92 7
30 96 7
30 97 1
30 98 10
30 99 3
30 100 4
30 103 3
30 107 4
30 110 3
30 113 1
30 114 9
30 115 2
30 119 1
30 120 1
30 121 4
30 122 8
30 124 9
30 125 2
30 128 8
30 131 4
30 132 2
30 136 10
30 137 9
30 139 1
30 141 6
30 142 3
30 143 7
30 146 8
30 149 6
30 151 2
30 152 6
30 156 3
30 157 4
30 159 2
30 161 6
30 162 3
30 165 4
30 166 3
30 167 7
30 168 3
30 170 9
30 172 5
30 173 1
30 174 6
30 178 9
30 179 8
30 181 9
30 182 8
30 184 3
30 185 3
30 186 1
30 192 4
30 195 9
30 197 9
31 33 7
31 36 7
31 37 6
31 41 5
31 43 10
31 45 2
31 46 6
31 48 4
31 50 1
31 53 5
31 54 3
31 56 7
31 59 4
31 60 8
31 62 5
31 63 6
31 64 3
31 68 5
31 69 5
31 72 3
31 74 7
31 75 7
31 78 8
31 80 5
31 81 9
31 82 7
31 83 2
31 88 6
31 91 3
31 95 9
31 96 10
31 98 4
31 99 6
31 101 7
31 103 2
31 105 9
31 106 1
31 107 1
31 111 5
31 113 7
31 114 6
31 115 8
31 117 3
31 118 10
31 119 9
31 120 10
31 122 4
31 126 6
31 132 6
31 134 3
31 135 6
31 137 10
31 139 3
31 140 3
31 142 7
31 146 4
31 149 2
31 150 4
31 151 3
31 153 7
31 154 7
31 156 5
31 159 9
31 160 8
31 162 3
31 166 2
31 167 9
31 168 3
31 170 6
31 171 2
31 172 1
31 175 7
31 176 8
31 177 8
31 178 9
31 181 1
31 186 5
31 187 2
31 188 6
31 189 10
31 190 1
31 191 10
31 192 2
31 194 10
31 195 10
31 196 4
31 197 2
31 199 6
32 33 5
32 35 8
32 36 6
32 37 10
32 38 1
32 39 10
32 40 1
32 43 7
32 45 4
32 46 8
32 50 6
32 53 3
32 57 3
32 59 6
32 60 3
32 62 5
32 63 1
32 64 3
32 67 3
32 69 7
32 70 8
32 72 8
32 74 9
32 76 4
32 77 2
32 81 4
32 82 8
32 84 9
32 85 6
32 86 5
32 87 2
32 90 5
32 92 8
32 95 2
32 98 4
32 100 8
32 102 2
32 103 6
32 104 6
32 107 1
32 110 10
32 111 1
32 113 6
32 117 2
32 118 10
32 119 7
32 121 6
32 124 6
32 126 9
32 127 2
32 128 6
32 129 2
32 132 2
32 135 9
32 136 5
32 138 9
32 139 7
32 140 4
32 142 8
32 148 1
32 150 9
32 154 3
32 155 10
32 156 5
32 158 1
32 159 10
32 160 10
32 161 6
32 163 7
32 164 5
32 169 5
32 170 1
32 176 3
32 179 5
32 182 5
32 184 1
32 185 1
32 186 1
32 188 7
32 189 1
32 190 4
32 191 9
32 199 1
33 34 10
33 35 5
33 38 7
33 39 9
33 40 4
33 45 10
33 47 5
33 49 7
33 51 3
33 52 4
33 53 6
33 54 2
33 55 10
33 58 10
33 61 4
33 62 7
33 65 3
33 66 6
33 67 7
33 68 4
33 73 5
33 75 1
33 76 10
33 77 6
33 81 6
33 82 9
33 85 1
33 87 5
33 89 5
33 90 8
33 91 7
33 92 6
33 96 2
33 97 9
33 100 10
33 102 1
33 104 3
33 105 5
33 106 3
33 107 5
33 108 5
33 109 9
33 111 9
33 112 7
33 113 8
33 117 8
33 118 7
33 119 2
33 120 10
33 122 4
33 124 9
33 126 5
33 128 5
33 129 3
33 131 4
33 133 1
33 135 8
33 136 7
33 137 2
33 139 6
33 140 6
33 141 1
33 143 7
33 146 2
33 148 4
33 151 3
33 154 9
33 157 4
33 160 4
33 161 8
33 163 10
33 164 4
33 165 10
33 167 7
33 168 3
33 169 3
33 171 8
33 172 2
33 173 9
33 174 6
33 177 6
33 179 4
33 181 8
33 182 5
33 186 10
33 188 5
33 189 1
33 190 8
33 194 9
33 195 7
33 197 8
33 198 10
33 199 7
34 35 5
34 36 1
34 39 6
34 41 4
34 42 4
34 44 3
34 45 1
34 50 5
34 53 2
34 54 4
34 57 3
34 59 6
34 60 5
34 61 5
34 63 8
34 65 9
34 67 7
34 68 3
34 69 3
34 70 3
34 71 7
34 73 8
34 77 10
34 78 5
34 79 9
34 80 9
34 81 1
34 82 4
34 86 9
34 90 9
34 91 5
34 94 5
34 96 4
34 99 8
34 101 6
34 102 8
34 103 5
34 108 8
34 109 2
34 111 9
34 112 10
34 114 8
34 116 1
34 117 9
34 118 1
34 120 1
34 121 6
34 124 6
34 126 8
34 128 1
34 129 5
34 131 6
34 133 4
34 134 4
34 138 7
34 141 8
34 146 7
34 150 6
34 151 8
34 152 10
34 154 5
34 155 2
34 156 4
34 158 10
34 159 6
34 160 9
34 163 8
34 165 8
34 166 8
34 167 4
34 168 5
34 170 3
34 172 5
34 174 5
34 175 6
34 176 5
34 177 10
34 180 2
34 183 1
34 184 9
34 186 8
34 190 4
34 191 7
34 193 2
34 196 4
34 197 8
35 40 9
35 42 8
35 43 5
35 45 4
35 47 1
35 49 9
35 50 5
35 51 1
35 52 5
35 54 4
35 55 2
35 57 6
35 58 6
35 60 2
35 61 9
35 66 6
35 69 4
35 77 1
35 79 5
35 81 4
35 83 7
35 86 5
35 88 4
35 90 5
35 91 5
35 93 5
35 94 10
35 100 2
35 101 6
35 105 4
35 106 8
35 114 10
35 118 4
35 119 7
35 120 1
35 124 4
35 125 4
35 127 10
35 128 7
35 129 9
35 137 6
35 138 7
35 140 8
35 144 2
35 145 1
35 146 4
35 150 4
35 157 1
35 159 5
35 160 9
35 161 10
35 162 9
35 163 5
35 164 10
35 166 3
35 168 3
35 170 9
35 172 2
35 174 7
35 177 10
35 178 8
35 179 4
35 183 1
35 185 8
35 186 2
35 187 5
35 188 5
35 189 7
35 192 10
35 194 9
35 195 4
35 196 6
35 197 7
36 40 7
36 41 6
36 42 9
36 43 9
36 44 4
36 51 8
36 52 8
36 54 3
36 55 6
36 56 9
36 60 3
36 64 8
36 65 2
36 67 8
36 68 6
36 69 9
36 70 5
36 75 10
36 79 10
36 80 3
36 82 9
36 85 8
36 89 5
36 90 3
36 91 9
36 92 5
36 93 5
36 95 7
36 98 6
36 99 3
36 101 3
36 102 4
36 105 4
36 106 8
36 108 6
36 109 5
36 111 2
36 118 9
36 119 4
36 123 10
36 126 10
36 130 7
36 131 2
36 134 3
36 137 7
36 141 2
36 146 1
36 147 2
36 149 10
36 150 9
36 151 2
36 153 7
36 154 7
36 155 9
36 158 1
36 160 5
36 162 6
36 165 4
36 166 2
36 167 6
36 169 3
36 171 4
36 175 9
36 177 5
36 179 4
36 183 3
36 184 3
36 185 2
36 186 9
36 187 4
36 188 2
36 190 1
36 191 9
36 194 9
36 195 1
36 197 6
36 198 3
36 199 4
37 41 7
37 42 3
37 43 4
37 44 5
37 45 6
37 46 7
37 47 2
37 50 2
37 51 5
37 52 3
37 54 6
37 56 10
37 57 6
37 58 1
37 59 4
37 61 9
37 63 1
37 66 4
37 69 6
37 70 10
37 74 8
37 76 2
37 77 10
37 78 8
37 79 6
37 84 8
37 87 6
37 90 2
37 91 2
37 92 9
37 93 7
37 94 8
37 95 6
37 98 9
37 101 5
37 104 1
37 105 1
37 106 9
37 107 9
37 108 1
37 109 6
37 110 4
37 113 3
37 116 9
37 119 3
37 120 9
37 128 2
37 129 4
37 130 6
37 135 7
37 138 8
37 139 5
37 140 9
37 142 4
37 143 10
37 144 3
37 146 9
37 148 3
37 149 8
37 150 8
37 151 6
37 152 4
37 153 3
37 155 4
37 159 7
37 160 6
37 170 5
37 173 1
37 174 2
37 176 5
37 177 4
37 179 8
37 180 2
37 181 7
37 182 6
37 184 4
37 185 1
37 188 8
37 189 6
37 190 4
37 192 8
37 193 8
37 194 1
37 195 3
37 196 1
37 197 6
37 199 9
38 39 8
38 45 6
38 46 7
38 48 1
38 49 8
38 54 5
38 55 3
38 59 10
38 60 10
38 61 5
38 64 7
38 66 6
38 67 6
38 69 10
38 70 1
38 72 7
38 74 1
38 76 3
38 77 3
38 79 1
38 81 6
38 83 4
38 84 8
38 86 9
38 87 9
38 88 10
38 91 5
38 92 6
38 93 3
38 94 5
38 97 10
38 98 6
38 100 9
38 101 8
38 106 2
38 111 3
38 112 6
38 115 6
38 118 10
38 119 1
38 123 9
38 124 5
38 131 6
38 132 9
38 133 9
38 134 7
38 135 5
38 138 6
38 140 5
38 141 2
38 145 2
38 146 3
38 149 10
38 153 10
38 154 9
38 155 10
38 157 1
38 158 3
38 160 1
38 161 4
38 163 9
38 172 4
38 173 3
38 179 2
38 180 2
38 183 1
38 184 5
38 187 4
38 188 1
38 190 5
38 191 10
38 192 1
38 196 6
38 197 6
38 198 2
38 199 9
39 40 4
39 42 9
39 45 10
39 46 6
39 48 4
39 51 7
39 52 8
39 53 5
39 56 9
39 59 7
39 60 5
39 62 3
39 63 2
39 64 4
39 66 9
39 67 2
39 69 1
39 71 3
39 74 1
39 76 9
39 77 2
39 78 2
39 80 7
39 85 7
39 90 4
39 91 5
39 92 5
39 94 4
39 97 5
39 98 6
39 99 9
39 111 4
39 113 7
39 116 4
39 118 10
39 119 7
39 121 5
39 123 8
39 124 4
39 126 5
39 129 2
39 132 9
39 133 6
39 135 7
39 136 1
39 137 8
39 139 3
39 140 4
39 141 3
39 142 5
39 143 4
39 144 5
39 145 9
39 146 1
39 147 6
39 148 7
39 149 4
39 151 5
39 152 9
39 153 9
39 154 4
39 155 1
39 156 2
39 157 3
39 158 7
39 160 1
39 161 5
39 164 3
39 166 8
39 167 2
39 168 1
39 169 6
39 170 3
39 171 3
39 172 5
39 173 7
39 175 4
39 178 7
39 181 4
39 182 9
39 183 1
39 185 9
39 187 10
39 191 4
39 193 5
39 194 5
39 195 8
39 197 6
39 199 3
40 42 5
40 45 2
40 46 3
40 50 8
40 53 7
40 54 9
40 55 8
40 56 2
40 58 1
40 59 9
40 62 8
40 64 3
40 65 10
40 67 4
40 68 7
40 70 6
40 71 10
40 73 6
40 76 3
40 77 5
40 80 8
40 87 3
40 88 2
40 92 5
40 95 7
40 96 10
40 99 6
40 100 9
40 102 2
40 103 7
40 104 10
40 105 7
40 107 7
40 108 6
40 110 9
40 112 5
40 113 8
40 114 9
40 115 7
40 118 4
40 119 9
40 121 3
40 124 5
40 130 3
40 131 4
40 132 1
40 133 10
40 135 7
40 138 5
40 143 4
40 145 6
40 149 1
40 151 1
40 153 1
40 155 1
40 156 4
40 159 7
40 160 10
40 161 3
40 162 3
40 163 5
40 164 6
40 165 4
40 167 7
40 170 8
40 171 10
40 172 5
40 173 8
40 174 8
40 176 4
40 177 3
40 181 6
40 182 7
40 183 3
40 184 9
40 185 5
40 186 6
40 187 8
40 195 2
40 196 3
40 197 8
40 198 4
41 42 8
41 43 5
41 45 9
41 46 4
41 48 6
41 51 7
41 52 9
41 53 2
41 55 2
41 58 4
41 59 7
41 63 4
41 66 9
41 67 8
41 68 1
41 69 10
41 71 6
41 73 3
41 76 4
41 77 8
41 79 1
41 80 9
41 82 10
41 83 5
41 84 8
41 87 5
41 90 5
41 91 2
41 92 2
41 93 7
41 94 10
41 97 1
41 101 8
41 102 3
41 103 9
41 106 2
41 111 4
41 115 7
41 116 7
41 117 7
41 119 3
41 120 3
41 121 3
41 122 3
41 123 7
41 125 9
41 128 6
41 130 10
41 131 5
41 133 4
41 134 6
41 135 6
41 136 6
41 137 1
41 138 4
41 141 5
41 142 4
41 143 2
41 144 5
41 147 4
41 149 9
41 150 5
41 153 8
41 155 4
41 157 4
41 159 5
41 160 6
41 168 3
41 169 8
41 172 3
41 173 2
41 174 9
41 177 10
41 178 7
41 180 7
41 183 2
41 184 4
41 190 4
41 191 6
41 192 10
41 194 7
41 199 2
42 43 4
42 44 5
42 45 3
42 48 8
42 49 10
42 50 4
42 53 4
42 54 7
42 55 8
42 57 5
42 58 6
42 62 5
42 64 8
42 65 1
42 66 3
42 67 10
42 69 8
42 71 10
42 72 3
42 73 10
42 75 7
42 76 2
42 77 7
42 78 9
42 80 7
42 81 4
42 87 1
42 88 1
42 89 3
42 90 2
42 91 9
42 92 10
42 93 2
42 96 6
42 103 2
42 104 1
42 107 2
42 108 2
42 111 2
42 114 8
42 115 3
42 116 1
42 118 4
42 123 7
42 125 9
42 126 10
42 129 8
42 130 1
42 132 10
42 134 1
42 136 5
42 139 10
42 140 1
42 142 8
42 145 5
42 146 10
42 149 6
42 151 5
42 157 4
42 158 10
42 160 8
42 161 10
42 163 4
42 165 6
42 166 7
42 168 8
42 170 10
42 171 1
42 172 10
42 174 6
42 175 9
42 177 4
42 178 7
42 180 5
42 182 6
42 183 1
42 184 3
42 186 1
42 187 1
42 190 6
42 191 10
42 192 8
42 194 1
43 44 8
43 45 10
43 46 7
43 47 8
43 48 4
43 53 2
43 56 1
43 58 2
43 61 6
43 64 6
43 65 4
43 68 3
43 70 2
43 72 8
43 74 8
43 76 7
43 78 5
43 82 7
43 83 5
43 87 10
43 88 6
43 90 2
43 91 3
43 92 9
43 94 9
43 95 10
43 98 10
43 101 2
43 102 4
43 103 3
43 105 3
43 107 3
43 108 3
43 110 1
43 112 4
43 115 2
43 116 3
43 117 9
43 118 4
43 120 1
43 121 3
43 124 10
43 125 1
43 126 2
43 127 6
43 129 7
43 136 8
43 137 4
43 138 1
43 139 3
43 143 8
43 144 4
43 145 6
43 146 9
43 148 6
43 149 9
43 151 3
43 155 1
43 156 3
43 157 10
43 158 7
43 159 1
43 161 9
43 162 7
43 165 9
43 166 1
43 167 6
43 168 8
43 169 3
43 170 6
43 171 7
43 172 3
43 173 8
43 176 10
43 177 5
43 178 2
43 179 2
43 182 10
43 186 8
43 194 5
43 197 8
43 199 3
44 45 8
44 48 7
44 50 9
44 53 5
44 56 8
44 60 2
44 61 3
44 62 4
44 63 6
44 64 2
44 65 7
44 70 7
44 71 10
44 77 7
44 78 7
44 80 5
44 81 2
44 85 3
44 89 4
44 90 5
44 91 6
44 92 5
44 94 10
44 95 4
44 97 7
44 98 9
44 99 1
44 103 9
44 104 7
44 106 7
44 108 2
44 109 2
44 110 7
44 111 7
44 112 10
44 114 2
44 116 7
44 118 5
44 119 2
44 120 3
44 126 7
44 127 3
44 132 6
44 134 8
44 135 5
44 136 6
44 137 4
44 139 9
44 140 7
44 141 1
44 142 10
44 143 2
44 144 2
44 147 4
44 151 4
44 152 1
44 155 4
44 156 3
44 158 10
44 160 1
44 161 9
44 162 1
44 166 3
44 172 10
44 173 5
44 179 9
44 180 3
44 182 9
44 186 5
44 190 7
44 194 1
44 195 4
44 197 8
44 198 7
45 47 1
45 48 6
45 49 2
45 52 9
45 55 3
45 56 8
45 59 9
45 60 9
45 63 4
45 64 7
45 69 3
45 70 2
45 72 8
45 73 6
45 75 4
45 77 3
45 78 1
45 79 10
45 81 7
45 83 5
45 87 8
45 88 3
45 89 10
45 90 9
45 91 6
45 93 5
45 95 1
45 96 5
45 98 8
45 101 8
45 103 1
45 108 3
45 109 5
45 110 5
45 111 5
45 117 3
45 118 3
45 119 1
45 120 2
45 121 8
45 122 3
45 126 1
45 129 2
45 132 1
45 135 1
45 136 2
45 137 8
45 141 2
45 142 7
45 143 1
45 145 5
45 146 9
45 148 3
45 150 6
45 151 7
45 158 4
45 159 5
45 160 1
45 165 3
45 167 4
45 171 9
45 172 2
45 173 10
45 175 6
45 176 9
45 179 8
45 180 7
45 182 5
45 186 8
45 187 1
45 188 8
45 190 1
45 191 4
45 194 9
46 48 5
46 51 6
46 56 6
46 57 5
46 58 7
46 59 1
46 63 7
46 64 5
46 68 3
46 69 6
46 73 5
46 74 1
46 79 10
46 80 6
46 82 9
46 83 4
46 86 10
46 87 7
46 89 4
46 94 10
46 96 9
46 99 10
46 101 4
46 103 5
46 105 9
46 107 10
46 111 5
46 113 5
46 114 2
46 115 4
46 121 7
46 125 9
46 127 3
46 129 7
46 131 4
46 132 7
46 138 4
46 139 3
46 140 3
46 142 6
46 143 8
46 144 7
46 147 2
46 152 4
46 154 1
46 157 10
46 159 2
46 160 6
46 166 2
46 167 7
46 168 1
46 169 1
46 173 5
46 180 2
46 182 1
46 183 3
46 184 9
46 185 8
46 188 8
46 191 2
46 194 4
46 195 5
46 197 8
46 199 5
47 48 7
47 51 8
47 53 5
47 57 2
47 62 1
47 66 7
47 68 3
47 71 4
47 72 4
47 73 6
47 74 8
47 77 3
47 80 6
47 82 5
47 84 1
47 85 3
47 90 6
47 95 2
47 97 8
47 98 2
47 100 6
47 101 8
47 102 6
47 106 5
47 107 3
47 108 2
47 110 7
47 111 2
47 112 8
47 114 5
47 115 4
47 116 8
47 117 4
47 120 4
47 124 2
47 125 4
47 129 8
47 130 9
47 132 9
47 133 10
47 135 5
47 136 3
47 137 6
47 139 6
47 141 1
47 142 1
47 143 6
47 145 4
47 146 10
47 147 2
47 149 8
47 150 9
47 152 1
47 154 4
47 156 8
47 163 8
47 165 10
47 166 10
47 172 1
47 173 3
47 174 7
47 176 2
47 177 4
47 178 3
47 180 6
47 184 9
47 187 6
47 191 9
47 192 8
47 196 10
47 199 7
48 49 4
48 50 1
48 51 1
48 54 4
48 55 1
48 58 4
48 61 4
48 64 5
48 69 8
48 76 6
48 88 1
48 89 7
48 93 7
48 94 3
48 95 2
48 96 7
48 98 1
48 101 10
48 102 8
48 103 1
48 104 6
48 107 8
48 108 8
48 112 1
48 113 2
48 115 1
48 116 7
48 118 9
48 119 4
48 120 9
48 122 3
48 123 8
48 124 6
48 125 1
48 126 8
48 128 9
48 129 4
48 130 5
48 131 4
48 133 8
48 134 6
48 135 2
48 136 4
48 137 3
48 139 6
48 140 4
48 142 6
48 143 2
48 144 3
48 145 4
48 147 9
48 148 8
48 149 4
48 150 2
48 153 1
48 154 8
48 155 9
48 157 3
48 158 9
48 162 4
48 168 5
48 169 6
48 170 9
48 171 1
48 172 7
48 175 3
48 177 6
48 180 7
48 181 8
48 182 5
48 184 1
48 185 7
48 187 8
48 191 3
48 193 5
48 198 1
49 52 9
49 53 3
49 54 8
49 57 7
49 59 5
49 60 7
49 61 2
49 62 4
49 64 4
49 65 8
49 66 1
49 69 3
49 70 7
49 71 7
49 72 3
49 73 4
49 74 1
49 75 8
49 76 8
49 77 2
49 79 9
49 80 1
49 82 1
49 83 9
49 85 7
49 86 2
49 87 10
49 88 3
49 91 1
49 93 8
49 96 3
49 98 7
49 99 7
49 101 8
49 103 1
49 107 3
49 110 4
49 112 9
49 115 8
49 117 7
49 118 9
49 120 3
49 126 7
49 129 5
49 130 4
49 133 1
49 136 8
49 137 6
49 142 1
49 146 9
49 148 4
49 150 2
49 151 2
49 152 2
49 153 6
49 154 8
49 158 10
49 161 5
49 162 6
49 165 1
49 166 5
49 167 10
49 168 4
49 169 2
49 172 6
49 175 6
49 178 1
49 179 5
49 181 1
49 182 4
49 186 1
49 188 3
49 189 3
49 192 4
49 194 3
50 51 8
50 53 7
50 59 4
50 60 7
50 64 9
50 65 9
50 67 6
50 69 5
50 70 10
50 71 9
50 73 8
50 74 2
50 77 1
50 78 8
50 79 3
50 80 4
50 82 6
50 83 7
50 84 8
50 87 5
50 92 7
50 93 9
50 97 8
50 98 5
50 99 2
50 100 4
50 102 3
50 105 1
50 107 2
50 109 5
50 110 5
50 112 5
50 113 10
50 114 6
50 115 7
50 116 5
50 119 5
50 121 5
50 122 9
50 125 10
50 127 6
50 128 8
50 129 2
50 131 8
50 133 4
50 136 7
50 137 9
50 138 2
50 139 5
50 141 2
50 143 8
50 148 6
50 152 9
50 154 10
50 156 3
50 157 1
50 163 1
50 164 3
50 166 6
50 168 7
50 169 10
50 172 5
50 173 4
50 176 8
50 177 5
50 179 1
50 180 5
50 181 10
50 182 9
50 184 7
50 186 2
50 189 3
50 190 10
50 191 1
50 195 7
50 197 6
51 54 3
51 55 3
51 57 6
51 61 6
51 62 6
51 66 2
51 67 6
51 71 2
51 73 3
51 74 3
51 77 9
51 78 4
51 80 9
51 83 10
51 86 6
51 87 8
51 88 3
51 89 10
51 92 6
51 93 5
51 97 6
51 98 10
51 99 4
51 102 10
51 103 1
51 105 2
51 108 7
51 117 1
51 118 5
51 122 9
51 123 8
51 125 3
51 126 5
51 131 4
51 132 8
51 135 5
51 138 8
51 139 7
51 140 7
51 143 8
51 144 5
51 146 9
51 149 7
51 152 1
51 153 4
51 158 4
51 159 1
51 161 2
51 162 6
51 163 6
51 164 9
51 165 9
51 170 8
51 171 9
51 173 2
51 175 4
51 177 1
51 180 8
51 181 4
51 182 1
51 184 7
51 190 10
51 196 3
51 198 9
51 199 9
52 54 5
52 57 3
52 58 7
52 60 7
52 61 5
52 63 6
52 65 1
52 70 6
52 71 9
52 72 4
52 74 5
52 75 3
52 76 5
52 77 4
52 78 2
52 80 6
52 81 9
52 82 3
52 85 9
52 86 4
52 88 2
52 90 10
52 93 3
52 94 5
52 97 3
52 100 6
52 106 7
52 108 8
52 110 3
52 111 4
52 112 3
52 113 8
52 114 3
52 115 9
52 116 4
52 117 7
52 120 3
52 121 6
52 126 4
52 127 1
52 128 7
52 130 4
52 132 6
52 133 4
52 134 6
52 135 1
52 136 5
52 138 9
52 139 5
52 141 8
52 143 1
52 144 10
52 145 2
52 146 4
52 150 7
52 152 3
52 153 1
52 154 10
52 155 10
52 160 6
52 162 4
52 164 5
52 166 2
52 167 9
52 168 4
52 169 5
52 171 9
52 173 4
52 175 6
52 176 10
52 179 2
52 182 5
52 187 6
52 188 6
52 189 10
52 190 10
52 192 7
52 194 9
52 196 7
52 197 2
52 199 6
53 54 7
53 56 5
53 57 10
53 59 6
53 61 5
53 62 9
53 63 3
53 67 1
53 69 3
53 75 9
53 76 1
53 77 7
53 81 4
53 82 9
53 83 8
53 84 6
53 87 7
53 90 3
53 91 8
53 97 3
53 100 2
53 101 3
53 104 10
53 105 9
53 107 7
53 108 9
53 109 3
53 110 10
53 111 6
53 112 1
53 113 6
53 114 9
53 115 3
53 118 6
53 122 5
53 123 10
53 124 6
53 125 1
53 127 8
53 130 2
53 131 5
53 133 6
53 134 8
53 135 3
53 136 7
53 140 10
53 143 7
53 145 1
53 150 1
53 153 5
53 156 1
53 157 2
53 164 9
53 167 7
53 168 10
53 169 10
53 172 1
53 175 5
53 176 3
53 178 8
53 179 10
53 181 5
53 182 8
53 184 9
53 186 7
53 191 7
53 196 7
53 197 4
53 199 2
54 55 2
54 57 4
54 58 6
54 59 3
54 61 2
54 62 9
54 63 3
54 64 1
54 66 6
54 68 5
54 69 2
54 72 9
54 73 7
54 74 1
54 77 9
54 80 9
54 83 1
54 86 10
54 87 6
54 88 3
54 90 1
54 92 7
54 93 9
54 94 2
54 95 4
54 98 2
54 99 5
54 101 5
54 103 6
54 105 1
54 107 8
54 108 1
54 109 7
54 112 3
54 113 6
54 116 10
54 119 5
54 121 8
54 126 2
54 128 8
54 130 7
54 131 4
54 132 10
54 135 9
54 139 6
54 140 6
54 141 9
54 142 7
54 144 1
54 145 9
54 147 1
54 149 3
54 150 4
54 151 2
54 152 4
54 153 5
54 157 1
54 160 7
54 161 2
54 165 8
54 167 6
54 169 2
54 170 4
54 171 7
54 173 3
54 175 7
54 176 3
54 177 7
54 178 3
54 179 1
54 181 10
54 186 7
54 188 6
54 191 3
54 193 1
54 194 2
54 197 6
54 199 5
55 57 10
55 59 6
55 61 6
55 64 9
55 65 2
55 67 6
55 68 7
55 69 4
55 70 9
55 71 8
55 73 8
55 74 1
55 75 9
55 77 6
55 82 6
55 84 6
55 86 6
55 87 10
55 90 10
55 91 7
55 92 5
55 93 1
55 94 7
55 99 8
55 100 8
55 101 2
55 106 2
55 108 2
55 109 9
55 110 9
55 111 9
55 116 5
55 117 6
55 119 10
55 120 1
55 121 1
55 123 7
55 124 3
55 125 9
55 130 2
55 131 4
55 132 7
55 135 3
55 136 10
55 141 2
55 142 9
55 143 10
55 144 3
55 147 3
55 150 10
55 152 2
55 153 10
55 155 2
55 156 2
55 158 7
55 159 1
55 160 1
55 163 3
55 164 8
55 165 9
55 168 1
55 169 6
55 170 7
55 173 2
55 174 8
55 178 7
55 179 8
55 180 9
55 181 7
55 182 7
55 183 7
55 184 10
55 187 6
55 188 4
55 191 2
55 192 5
55 194 7
55 195 3
55 198 8
56 58 2
56 59 6
56 61 7
56 62 10
56 63 7
56 64 1
56 66 7
56 67 4
56 68 5
56 69 9
56 70 7
56 71 5
56 72 8
56 78 9
56 79 1
56 80 3
56 86 6
56 87 1
56 88 5
56 89 1
56 91 1
56 94 10
56 95 5
56 96 10
56 97 5
56 98 6
56 105 10
56 108 4
56 112 10
56 113 10
56 114 4
56 117 8
56 119 4
56 126 10
56 129 4
56 132 5
56 133 10
56 135 10
56 136 3
56 138 2
56 140 6
56 141 1
56 144 9
56 146 9
56 148 9
56 149 5
56 153 2
56 154 6
56 156 3
56 157 4
56 158 10
56 160 1
56 161 6
56 162 3
56 164 9
56 165 9
56 166 8
56 167 2
56 171 1
56 172 4
56 173 6
56 175 2
56 177 1
56 178 7
56 179 5
56 180 8
56 183 7
56 185 1
56 186 4
56 187 4
56 188 2
56 191 4
56 194 2
56 195 3
56 197 4
56 198 9
57 60 4
57 62 10
57 63 3
57 64 7
57 65 6
57 68 1
57 69 1
57 70 5
57 71 7
57 72 9
57 75 1
57 78 7
57 79 1
57 81 7
57 84 3
57 86 3
57 87 8
57 88 9
57 91 2
57 92 5
57 93 7
57 96 8
57 97 3
57 98 8
57 99 3
57 100 5
57 101 9
57 105 2
57 106 8
57 107 8
57 109 9
57 110 3
57 113 8
57 114 8
57 116 9
57 117 3
57 119 6
57 120 3
57 122 2
57 123 7
57 124 4
57 125 5
57 127 1
57 128 10
57 129 9
57 130 8
57 139 2
57 141 5
57 144 2
57 147 8
57 148 7
57 151 2
57 153 5
57 155 7
57 156 2
57 157 10
57 158 3
57 159 5
57 161 5
57 162 1
57 166 2
57 169 3
57 171 1
57 173 1
57 176 2
57 178 10
57 179 2
57 181 3
57 183 3
57 186 8
57 188 6
57 189 3
57 192 8
57 193 4
57 199 2
58 59 1
58 61 10
58 63 10
58 64 3
58 66 7
58 67 4
58 68 1
58 70 5
58 75 1
58 77 4
58 80 4
58 81 5
58 83 3
58 85 1
58 90 2
58 92 6
58 95 8
58 96 3
58 97 3
58 98 8
58 99 8
58 100 6
58 103 4
58 107 8
58 110 2
58 111 10
58 113 3
58 114 9
58 118 10
58 121 7
58 122 7
58 125 6
58 126 1
58 127 1
58 128 2
58 129 4
58 130 9
58 132 4
58 133 1
58 134 4
58 136 6
58 137 8
58 140 6
58 142 5
58 145 5
58 150 10
58 151 8
58 153 8
58 154 1
58 156 2
58 157 9
58 158 9
58 159 4
58 160 8
58 162 9
58 168 10
58 169 7
58 174 6
58 179 4
58 182 4
58 183 10
58 184 5
58 187 9
58 188 8
58 191 1
58 192 3
59 60 3
59 63 4
59 64 3
59 65 6
59 66 3
59 69 5
59 70 3
59 71 2
59 72 8
59 73 9
59 75 2
59 81 2
59 84 4
59 85 7
59 86 6
59 87 5
59 88 2
59 90 7
59 91 6
59 93 10
59 94 10
59 95 6
59 96 5
59 98 4
59 100 8
59 102 4
59 106 1
59 109 6
59 112 10
59 116 5
59 117 10
59 118 3
59 120 6
59 122 2
59 123 10
59 125 10
59 129 10
59 130 3
59 131 4
59 132 8
59 133 10
59 134 3
59 136 4
59 137 9
59 139 10
59 141 5
59 142 9
59 143 9
59 144 8
59 145 6
59 146 7
59 147 1
59 149 1
59 150 8
59 158 9
59 160 5
59 161 1
59 164 3
59 165 3
59 166 7
59 171 6
59 175 2
59 176 4
59 179 10
59 180 1
59 183 3
59 184 8
59 186 10
59 187 5
59 189 4
59 194 4
59 196 7
59 197 5
59 198 2
59 199 2
60 61 8
60 62 6
60 64 5
60 66 3
60 67 4
60 69 8
60 71 4
60 72 6
60 73 2
60 75 3
60 77 7
60 79 3
60 81 3
60 82 6
60 83 1
60 87 5
60 89 8
60 91 10
60 92 7
60 95 8
60 98 2
60 99 3
60 100 8
60 102 7
60 103 2
60 104 10
60 106 3
60 109 4
60 110 3
60 112 6
60 113 10
60 115 8
60 118 3
60 119 6
60 122 9
60 129 6
60 130 8
60 132 6
60 134 3
60 136 2
60 137 6
60 139 8
60 143 7
60 147 7
60 148 5
60 150 9
60 151 6
60 153 4
60 154 5
60 155 9
60 157 10
60 158 7
60 160 6
60 161 5
60 164 3
60 165 2
60 170 9
60 171 10
60 174 2
60 177 7
60 179 1
60 180 2
60 181 5
60 182 1
60 183 8
60 184 7
60 191 6
60 192 4
60 193 5
60 197 6
60 198 5
60 199 8
61 64 8
61 68 6
61 69 1
61 72 6
61 78 5
61 80 8
61 81 2
61 82 6
61 83 1
61 85 7
61 86 5
61 87 6
61 88 9
61 92 8
61 95 3
61 97 3
61 98 4
61 102 5
61 103 2
61 104 7
61 109 10
61 110 3
61 111 8
61 112 7
61 113 1
61 117 10
61 121 7
61 122 5
61 123 9
61 124 7
61 125 6
61 127 7
61 133 2
61 134 4
61 137 4
61 142 9
61 144 5
61 145 5
61 151 4
61 152 1
61 155 6
61 156 7
61 157 2
61 161 10
61 162 10
61 163 4
61 166 10
61 168 6
61 173 5
61 175 2
61 178 5
61 182 3
61 184 8
61 185 6
61 186 5
61 189 6
61 190 5
61 193 6
61 194 8
61 199 9
62 63 7
62 65 5
62 66 7
62 67 10
62 68 9
62 69 4
62 72 10
62 74 9
62 75 9
62 76 9
62 77 6
62 78 7
62 80 3
62 81 1
62 82 5
62 83 9
62 84 5
62 87 2
62 89 9
62 91 8
62 92 5
62 93 9
62 94 4
62 98 1
62 100 7
62 101 2
62 102 3
62 103 5
62 107 5
62 109 6
62 110 9
62 111 7
62 112 8
62 113 1
62 115 8
62 117 9
62 119 6
62 120 2
62 122 3
62 123 3
62 127 5
62 129 4
62 132 8
62 139 9
62 140 2
62 141 2
62 144 4
62 147 8
62 148 5
62 151 9
62 152 2
62 154 1
62 155 1
62 156 10
62 157 3
62 158 10
62 159 10
62 161 3
62 162 1
62 163 9
62 166 7
62 168 3
62 169 10
62 170 10
62 173 1
62 174 3
62 177 5
62 180 6
62 182 5
62 183 7
62 185 10
62 186 9
62 187 7
62 188 7
62 190 5
62 191 5
62 192 1
62 195 3
62 198 4
62 199 8
63 64 1
63 65 1
63 66 2
63 68 1
63 69 8
63 71 4
63 72 10
63 73 10
63 76 9
63 79 7
63 80 2
63 82 8
63 83 8
63 84 9
63 86 9
63 89 6
63 91 5
63 92 2
63 93 10
63 94 2
63 95 4
63 97 8
63 98 10
63 103 1
63 105 8
63 110 1
63 111 7
63 113 4
63 115 9
63 117 4
63 118 7
63 120 1
63 121 9
63 122 2
63 124 3
63 127 8
63 128 9
63 129 3
63 130 2
63 135 10
63 137 2
63 139 5
63 143 8
63 144 8
63 149 4
63 152 3
63 153 6
63 154 4
63 155 8
63 157 3
63 158 5
63 161 10
63 162 1
63 163 8
63 164 4
63 165 8
63 167 4
63 170 5
63 174 7
63 176 5
63 177 3
63 180 10
63 181 2
63 183 8
63 184 8
63 185 5
63 189 1
63 192 9
63 196 3
63 197 6
64 65 5
64 67 1
64 68 1
64 70 4
64 72 8
64 74 7
64 76 5
64 78 1
64 80 4
64 81 3
64 82 10
64 83 9
64 94 8
64 98 5
64 99 2
64 100 8
64 101 6
64 102 8
64 105 2
64 109 4
64 110 3
64 112 2
64 113 9
64 115 7
64 116 4
64 117 3
64 118 1
64 119 9
64 122 5
64 123 10
64 124 4
64 125 1
64 127 3
64 135 4
64 136 8
64 140 4
64 141 5
64 143 6
64 146 10
64 147 9
64 149 6
64 151 7
64 152 7
64 155 1
64 157 5
64 160 8
64 167 8
64 170 4
64 174 10
64 175 8
64 176 7
64 177 7
64 179 5
64 182 5
64 183 5
64 184 7
64 185 1
64 189 9
64 190 4
64 191 4
64 193 8
64 198 1
64 199 8
65 66 10
65 68 8
65 72 2
65 74 4
65 75 3
65 77 3
65 78 3
65 79 6
65 80 5
65 81 10
65 83 7
65 84 1
65 86 9
65 87 5
65 89 7
65 91 5
65 94 6
65 96 3
65 98 10
65 100 8
65 103 8
65 108 6
65 110 9
65 111 1
65 112 6
65 113 2
65 115 7
65 116 5
65 118 9
65 119 6
65 121 3
65 125 1
65 126 5
65 127 4
65 129 9
65 131 1
65 132 3
65 133 7
65 134 1
65 136 10
65 138 2
65 139 8
65 141 6
65 142 6
65 143 8
65 145 4
65 151 6
65 154 2
65 155 7
65 161 4
65 164 3
65 165 10
65 168 10
65 171 5
65 172 7
65 173 5
65 174 7
65 176 10
65 177 7
65 178 9
65 179 3
65 180 2
65 181 3
65 184 2
65 185 9
65 186 6
65 187 6
65 195 1
65 196 3
65 198 8
66 70 10
66 71 7
66 72 3
66 73 3
66 76 6
66 79 5
66 80 3
66 86 4
66 87 5
66 88 10
66 89 4
66 90 7
66 92 7
66 93 4
66 94 3
66 96 10
66 98 4
66 99 8
66 102 2
66 103 7
66 105 9
66 108 9
66 109 1
66 111 9
66 112 7
66 113 10
66 115 4
66 117 3
66 118 6
66 122 3
66 123 5
66 124 5
66 125 2
66 127 2
66 131 9
66 133 5
66 134 3
66 137 10
66 140 7
66 141 3
66 142 5
66 143 6
66 144 7
66 145 3
66 148 8
66 149 6
66 150 9
66 153 2
66 154 4
66 155 5
66 156 4
66 159 1
66 160 9
66 162 8
66 163 8
66 164 1
66 167 10
66 168 3
66 171 6
66 176 8
66 177 7
66 178 5
66 179 10
66 183 2
66 185 10
66 188 9
66 189 9
66 191 10
66 195 1
66 196 2
66 197 1
66 198 1
66 199 10
67 70 10
67 72 6
67 73 7
67 75 6
67 78 4
67 83 4
67 84 3
67 85 8
67 86 3
67 87 5
67 88 1
67 91 8
67 92 2
67 93 4
67 94 8
67 95 1
67 96 1
67 101 1
67 102 4
67 104 3
67 105 1
67 106 5
67 107 3
67 108 10
67 110 3
67 113 8
67 114 4
67 119 8
67 120 10
67 122 2
67 123 4
67 124 5
67 126 2
67 128 2
67 129 9
67 130 8
67 132 7
67 135 7
67 136 10
67 138 10
67 141 4
67 142 7
67 145 6
67 146 3
67 149 2
67 150 6
67 152 4
67 154 3
67 155 7
67 156 4
67 160 3
67 162 10
67 164 2
67 165 10
67 167 4
67 169 6
67 170 4
67 172 3
67 173 10
67 174 5
67 176 9
67 179 2
67 182 2
67 188 6
67 189 10
67 191 2
67 192 3
67 193 8
68 69 2
68 70 1
68 72 1
68 75 3
68 76 2
68 78 3
68 79 1
68 80 5
68 86 3
68 88 4
68 90 6
68 91 5
68 93 2
68 94 9
68 99 2
68 100 7
68 101 5
68 103 1
68 107 10
68 108 3
68 110 2
68 111 8
68 114 7
68 118 7
68 119 4
68 120 10
68 121 10
68 124 10
68 125 2
68 126 2
68 127 8
68 130 1
68 131 10
68 133 9
68 135 5
68 136 6
68 137 6
68 138 9
68 139 4
68 145 5
68 146 9
68 147 3
68 148 2
68 149 8
68 150 3
68 152 4
68 154 4
68 155 7
68 156 1
68 159 7
68 160 8
68 161 10
68 163 1
68 164 7
68 165 6
68 167 5
68 171 1
68 173 4
68 174 3
68 175 4
68 177 9
68 178 8
68 180 8
68 181 7
68 183 3
68 185 4
68 187 3
68 188 10
68 189 3
68 190 8
68 194 6
68 195 1
69 72 4
69 73 5
69 75 3
69 76 9
69 77 9
69 78 7
69 84 7
69 86 2
69 87 9
69 91 3
69 93 9
69 94 1
69 97 7
69 98 2
69 100 9
69 103 6
69 104 2
69 107 5
69 110 10
69 112 1
69 113 9
69 114 4
69 115 6
69 117 3
69 118 4
69 122 7
69 125 5
69 128 5
69 129 9
69 132 4
69 133 10
69 137 7
69 139 10
69 140 10
69 142 1
69 143 4
69 146 3
69 147 2
69 149 2
69 150 9
69 151 7
69 152 1
69 153 8
69 155 8
69 158 1
69 161 5
69 163 6
69 165 10
69 166 2
69 169 2
69 170 1
69 175 7
69 181 1
69 183 3
69 185 3
69 186 7
69 187 3
69 188 4
69 190 3
69 191 1
69 192 8
69 193 1
69 195 3
69 197 10
70 72 5
70 74 2
70 76 6
70 77 2
70 78 2
70 80 1
70 82 4
70 83 6
70 86 10
70 87 7
70 88 6
70 89 10
70 91 5
70 93 10
70 97 2
70 98 8
70 100 3
70 101 2
70 103 1
70 104 8
70 106 8
70 107 1
70 109 2
70 111 3
70 112 3
70 113 4
70 114 1
70 115 7
70 116 10
70 117 6
70 120 3
70 122 9
70 123 6
70 125 10
70 128 3
70 131 6
70 133 2
70 134 4
70 135 3
70 136 9
70 139 6
70 141 2
70 142 10
70 143 6
70 144 5
70 145 2
70 146 10
70 150 9
70 151 9
70 152 5
70 156 4
70 166 6
70 172 7
70 173 10
70 174 2
70 178 4
70 180 10
70 184 5
70 185 5
70 187 1
70 189 7
70 190 3
70 191 4
70 192 3
70 193 2
70 195 1
70 196 9
71 72 5
71 75 6
71 77 4
71 78 5
71 79 10
71 85 1
71 86 9
71 87 7
71 88 2
71 89 1
71 90 1
71 91 2
71 93 3
71 94 8
71 95 8
71 97 9
71 99 9
71 100 2
71 103 9
71 104 2
71 105 2
71 106 3
71 107 2
71 109 10
71 110 6
71 113 3
71 115 8
71 116 10
71 119 6
71 120 5
71 123 2
71 124 9
71 125 8
71 126 5
71 127 5
71 129 10
71 131 7
71 134 4
71 136 10
71 138 3
71 140 1
71 141 10
71 143 6
71 145 10
71 146 4
71 147 5
71 149 7
71 150 9
71 153 3
71 157 9
71 158 5
71 159 8
71 160 1
71 165 4
71 167 9
71 168 8
71 169 3
71 170 5
71 173 7
71 174 1
71 176 9
71 178 6
71 181 8
71 182 5
71 185 2
71 186 6
71 188 4
71 190 10
71 191 7
71 195 1
71 198 1
71 199 3
72 74 1
72 76 9
72 79 10
72 82 6
72 83 7
72 84 3
72 86 9
72 87 8
72 88 7
72 89 6
72 91 2
72 92 4
72 93 2
72 95 1
72 102 2
72 103 3
72 107 8
72 109 8
72 110 10
72 111 8
72 112 4
72 113 8
72 114 6
72 116 9
72 117 3
72 119 3
72 120 5
72 124 5
72 125 1
72 128 1
72 129 1
72 132 3
72 134 7
72 136 8
72 140 6
72 142 10
72 143 10
72 146 1
72 147 2
72 148 10
72 149 8
72 151 5
72 153 8
72 154 8
72 156 8
72 159 2
72 162 2
72 164 6
72 165 2
72 167 1
72 169 1
72 173 10
72 174 9
72 177 4
72 178 3
72 179 8
72 184 6
72 188 8
72 191 6
72 195 7
72 196 8
72 198 3
72 199 3
73 75 2
73 79 9
73 80 5
73 81 9
73 86 10
73 89 4
73 90 5
73 92 6
73 94 10
73 96 10
73 99 8
73 100 6
73 103 5
73 104 10
73 105 2
73 106 6
73 108 10
73 110 9
73 111 7
73 113 3
73 114 1
73 117 1
73 118 1
73 120 3
73 122 7
73 123 5
73 129 2
73 130 4
73 134 6
73 139 5
73 142 1
73 144 4
73 145 1
73 147 3
73 150 2
73 151 1
73 153 10
73 154 4
73 157 9
73 162 6
73 165 7
73 171 3
73 173 8
73 176 7
73 177 7
73 179 8
73 189 4
73 191 8
73 193 6
73 198 3
74 75 4
74 77 1
74 78 1
74 79 9
74 80 2
74 82 2
74 84 8
74 87 8
74 88 5
74 89 2
74 93 9
74 97 5
74 99 5
74 102 10
74 103 1
74 104 7
74 105 8
74 106 6
74 108 9
74 113 1
74 114 2
74 121 8
74 123 3
74 124 10
74 127 4
74 128 1
74 131 2
74 133 2
74 137 3
74 139 10
74 141 1
74 142 2
74 145 7
74 146 10
74 149 1
74 150 8
74 152 1
74 153 1
74 154 10
74 155 1
74 158 2
74 161 10
74 171 2
74 172 7
74 175 6
74 176 5
74 178 5
74 181 2
74 183 10
74 187 7
74 188 10
74 196 2
74 198 5
75 76 10
75 77 2
75 79 9
75 82 10
75 83 4
75 85 9
75 87 1
75 93 6
75 97 7
75 98 5
75 101 2
75 105 8
75 108 3
75 109 3
75 112 4
75 113 6
75 119 5
75 122 2
75 123 1
75 125 8
75 126 5
75 127 5
75 131 9
75 132 4
75 134 9
75 135 2
75 136 10
75 137 5
75 140 2
75 141 4
75 142 1
75 143 9
75 146 10
75 149 6
75 152 8
75 153 6
75 154 7
75 157 9
75 158 1
75 159 10
75 164 9
75 166 5
75 167 9
75 168 4
75 176 7
75 177 8
75 179 4
75 180 4
75 185 3
75 186 8
75 187 3
75 188 10
75 191 7
75 198 4
75 199 10
76 77 4
76 79 3
76 80 6
76 81 9
76 83 4
76 84 9
76 85 9
76 92 2
76 95 2
76 99 6
76 101 1
76 102 8
76 103 9
76 104 8
76 106 7
76 107 4
76 108 2
76 109 1
76 110 10
76 113 10
76 119 7
76 121 9
76 128 7
76 129 9
76 130 6
76 132 4
76 137 6
76 138 1
76 141 7
76 145 4
76 146 10
76 147 7
76 149 10
76 151 7
76 154 2
76 155 1
76 161 3
76 163 6
76 164 9
76 165 1
76 168 8
76 172 4
76 175 7
76 177 9
76 178 6
76 179 7
76 182 1
76 185 2
76 187 5
76 189 9
76 191 10
76 193 4
76 194 1
76 195 8
76 197 3
77 78 8
77 80 8
77 82 8
77 83 5
77 88 3
77 89 2
77 91 7
77 92 2
77 93 9
77 95 1
77 98 10
77 100 4
77 101 5
77 103 6
77 106 4
77 107 10
77 108 6
77 111 10
77 114 7
77 115 4
77 117 1
77 118 7
77 119 8
77 120 1
77 121 9
77 122 6
77 124 7
77 126 1
77 127 6
77 130 8
77 132 8
77 134 8
77 137 2
77 139 10
77 140 6
77 141 7
77 142 7
77 143 8
77 147 6
77 148 6
77 151 4
77 156 10
77 158 10
77 162 5
77 164 3
77 166 1
77 168 7
77 169 3
77 171 6
77 175 7
77 176 1
77 178 3
77 179 3
77 182 10
77 183 7
77 185 1
77 187 4
77 188 10
77 190 2
77 191 4
77 192 5
77 193 2
77 194 6
77 196 2
77 197 10
77 198 9
77 199 3
78 85 8
78 87 7
78 88 1
78 89 6
78 91 10
78 95 3
78 96 7
78 98 5
78 99 2
78 101 6
78 102 3
78 104 2
78 106 3
78 109 10
78 110 9
78 112 3
78 113 4
78 114 8
78 116 8
78 118 2
78 125 10
78 126 5
78 128 4
78 130 8
78 132 9
78 133 5
78 134 6
78 136 8
78 140 3
78 142 8
78 143 3
78 146 7
78 147 6
78 150 1
78 152 5
78 158 5
78 159 6
78 161 2
78 162 10
78 163 5
78 164 10
78 165 2
78 170 10
78 178 8
78 179 4
78 180 8
78 181 1
78 182 3
78 187 4
78 190 3
78 193 6
78 195 6
78 196 9
78 198 3
78 199 6
79 82 9
79 84 1
79 85 5
79 86 6
79 87 10
79 88 9
79 89 6
79 92 3
79 93 6
79 95 5
79 99 1
79 100 10
79 102 1
79 103 9
79 106 2
79 110 8
79 111 2
79 115 1
79 116 6
79 119 9
79 121 6
79 123 8
79 126 4
79 127 9
79 128 3
79 129 1
79 133 9
79 134 8
79 138 9
79 141 1
79 144 5
79 145 2
79 147 8
79 149 9
79 150 5
79 152 3
79 154 9
79 155 1
79 156 7
79 157 10
79 159 10
79 160 2
79 163 9
79 164 7
79 167 4
79 168 4
79 169 7
79 170 1
79 171 9
79 172 3
79 177 1
79 178 4
79 179 7
79 181 6
79 186 7
79 187 5
79 193 3
79 195 3
79 196 10
79 197 5
80 82 8
80 85 1
80 87 7
80 90 6
80 93 10
80 94 5
80 96 4
80 98 3
80 99 10
80 101 6
80 103 4
80 105 6
80 106 9
80 107 4
80 108 1
80 112 3
80 114 10
80 115 6
80 117 6
80 118 9
80 119 6
80 120 2
80 123 9
80 124 9
80 127 2
80 129 6
80 130 1
80 131 2
80 132 5
80 133 2
80 134 8
80 135 8
80 136 2
80 139 10
80 140 2
80 142 4
80 144 1
80 146 4
80 148 7
80 149 1
80 150 6
80 151 2
80 152 5
80 155 5
80 156 8
80 157 7
80 158 9
80 161 9
80 162 8
80 163 10
80 164 3
80 168 2
80 170 7
80 171 4
80 172 1
80 173 8
80 174 5
80 175 7
80 177 5
80 183 3
80 184 5
80 185 7
80 186 10
80 189 10
80 191 2
80 193 1
80 194 8
80 195 8
80 197 4
81 82 8
81 83 7
81 87 8
81 88 10
81 91 1
81 92 9
81 94 2
81 95 2
81 97 2
81 99 3
81 100 6
81 101 5
81 102 2
81 110 1
81 113 2
81 115 8
81 117 5
81 119 3
81 120 3
81 121 6
81 122 4
81 125 9
81 126 4
81 128 9
81 133 1
81 134 10
81 135 4
81 137 6
81 138 6
81 139 4
81 141 4
81 144 6
81 145 7
81 150 3
81 151 3
81 153 10
81 154 5
81 158 6
81 160 8
81 161 5
81 162 9
81 163 1
81 166 6
81 169 9
81 170 7
81 172 3
81 176 5
81 177 2
81 180 5
81 181 1
81 183 2
81 184 4
81 187 8
81 189 9
81 190 5
81 191 10
81 192 10
81 193 4
81 196 2
81 199 1
82 84 9
82 88 7
82 90 8
82 92 6
82 95 10
82 97 10
82 98 5
82 102 9
82 105 4
82 106 9
82 108 9
82 109 5
82 110 4
82 111 9
82 112 8
82 113 1
82 117 9
82 118 9
82 119 5
82 123 5
82 130 3
82 131 8
82 135 3
82 137 7
82 138 2
82 139 7
82 140 7
82 141 4
82 144 4
82 145 7
82 148 9
82 153 1
82 154 6
82 155 3
82 156 9
82 157 7
82 158 6
82 159 4
82 160 10
82 161 6
82 164 4
82 165 2
82 169 10
82 170 7
82 172 7
82 173 4
82 174 7
82 175 8
82 176 5
82 180 4
82 186 1
82 187 1
82 189 8
82 192 10
82 193 10
82 195 6
82 197 4
82 198 1
82 199 9
83 84 7
83 85 4
83 86 4
83 87 8
83 88 8
83 95 6
83 96 8
83 99 6
83 103 2
83 111 2
83 112 3
83 113 6
83 116 9
83 120 1
83 122 1
83 124 1
83 127 7
83 131 8
83 133 2
83 134 4
83 135 9
83 138 1
83 142 4
83 145 8
83 146 9
83 154 1
83 161 10
83 167 2
83 168 2
83 170 6
83 174 8
83 175 10
83 176 3
83 178 4
83 180 4
83 183 3
83 184 6
83 187 4
83 188 5
83 189 9
83 191 9
83 192 4
83 195 4
83 197 7
83 198 8
83 199 1
84 85 8
84 87 8
84 88 4
84 90 8
84 91 2
84 92 7
84 94 6
84 95 1
84 96 7
84 97 8
84 99 2
84 101 6
84 102 3
84 103 7
84 104 10
84 105 5
84 108 8
84 110 7
84 113 7
84 115 8
84 116 10
84 117 3
84 118 6
84 120 3
84 122 4
84 126 5
84 128 7
84 130 4
84 131 3
84 134 10
84 135 1
84 136 3
84 137 5
84 141 9
84 143 6
84 145 5
84 148 4
84 151 9
84 153 4
84 154 8
84 155 6
84 156 3
84 157 2
84 158 6
84 160 10
84 161 3
84 162 1
84 167 8
84 168 8
84 169 1
84 172 9
84 173 9
84 176 3
84 177 1
84 181 4
84 182 3
84 184 5
84 188 2
84 189 2
84 190 1
84 192 7
84 193 1
84 194 8
84 196 9
84 197 2
85 87 3
85 88 5
85 91 7
85 93 7
85 94 8
85 95 6
85 97 9
85 98 4
85 100 10
85 101 7
85 102 5
85 104 8
85 105 1
85 107 5
85 110 8
85 112 9
85 116 3
85 117 5
85 118 6
85 119 4
85 120 3
85 124 5
85 125 8
85 128 4
85 132 4
85 135 2
85 136 7
85 137 8
85 138 3
85 139 3
85 142 3
85 145 9
85 149 9
85 155 6
85 157 5
85 159 2
85 160 9
85 161 3
85 162 10
85 164 9
85 166 3
85 167 9
85 168 2
85 171 9
85 173 2
85 174 2
85 177 2
85 185 8
85 186 3
85 187 7
85 188 2
85 191 8
85 192 1
85 193 2
85 194 1
85 196 9
86 87 10
86 88 7
86 91 9
86 92 1
86 93 8
86 97 4
86 99 2
86 101 3
86 103 1
86 106 3
86 110 3
86 113 6
86 115 3
86 116 3
86 117 7
86 118 4
86 121 9
86 123 7
86 127 10
86 128 9
86 131 7
86 134 9
86 136 6
86 137 8
86 138 7
86 141 3
86 142 6
86 143 1
86 144 2
86 145 4
86 147 3
86 149 5
86 151 2
86 155 10
86 158 6
86 159 4
86 161 4
86 162 6
86 163 6
86 166 7
86 169 3
86 171 9
86 172 10
86 175 5
86 178 8
86 181 6
86 182 2
86 183 4
86 185 9
86 186 1
86 187 4
86 188 1
86 189 3
86 190 10
86 191 4
86 192 6
86 195 10
86 196 7
86 197 10
86 198 4
87 88 6
87 90 3
87 92 5
87 94 1
87 96 6
87 99 9
87 100 8
87 104 4
87 108 2
87 110 5
87 111 2
87 112 7
87 113 10
87 114 1
87 115 10
87 117 7
87 118 3
87 120 2
87 122 5
87 124 9
87 125 7
87 126 4
87 127 5
87 130 1
87 131 9
87 132 2
87 133 2
87 135 2
87 136 7
87 143 7
87 145 6
87 147 3
87 149 3
87 150 4
87 152 5
87 153 2
87 155 3
87 157 10
87 158 4
87 160 9
87 161 7
87 162 1
87 167 1
87 171 5
87 173 4
87 175 2
87 176 1
87 178 2
87 179 1
87 180 9
87 183 4
87 185 2
87 186 5
87 190 2
87 192 2
87 193 6
87 194 1
87 195 4
87 196 7
88 89 9
88 90 7
88 91 5
88 92 8
88 93 5
88 96 9
88 97 4
88 98 9
88 99 10
88 102 8
88 104 7
88 108 2
88 114 1
88 116 10
88 118 6
88 120 1
88 121 8
88 123 1
88 124 10
88 125 7
88 126 8
88 127 7
88 128 8
88 129 10
88 131 4
88 136 8
88 137 4
88 138 5
88 139 2
88 140 1
88 141 4
88 142 5
88 143 6
88 145 1
88 146 5
88 147 10
88 151 10
88 152 10
88 153 6
88 154 10
88 156 10
88 158 6
88 160 3
88 163 2
88 164 4
88 165 7
88 167 1
88 169 1
88 171 6
88 172 8
88 173 6
88 175 8
88 176 4
88 178 1
88 180 1
88 181 2
88 183 8
88 184 2
88 185 5
88 187 6
88 191 3
88 194 5
88 196 6
88 198 8
88 199 7
89 91 7
89 92 7
89 93 2
89 94 3
89 95 5
89 97 5
89 99 9
89 101 1
89 103 3
89 105 6
89 106 9
89 108 2
89 109 10
89 110 9
89 111 7
89 114 5
89 115 8
89 116 8
89 122 4
89 126 1
89 135 2
89 137 2
89 138 6
89 140 2
89 143 9
89 146 5
89 150 1
89 152 2
89 153 4
89 154 5
89 156 2
89 158 8
89 159 8
89 160 6
89 161 10
89 162 8
89 164 2
89 165 5
89 167 4
89 169 5
89 170 1
89 171 6
89 173 9
89 174 6
89 176 3
89 179 10
89 181 6
89 183 9
89 184 9
89 185 2
89 186 10
89 187 7
89 188 2
89 190 6
89 192 4
89 193 3
89 198 3
89 199 5
90 91 7
90 93 2
90 96 8
90 98 6
90 100 9
90 101 5
90 106 1
90 107 5
90 108 10
90 110 3
90 115 6
90 116 9
90 118 2
90 121 3
90 124 8
90 129 2
90 131 4
90 133 7
90 135 4
90 137 5
90 138 9
90 139 5
90 140 10
90 141 10
90 142 4
90 144 2
90 145 9
90 146 1
90 147 10
90 148 3
90 153 9
90 154 4
90 160 3
90 161 10
90 162 10
90 163 4
90 164 6
90 165 3
90 166 7
90 168 2
90 169 2
90 170 9
90 172 2
90 174 9
90 175 4
90 176 9
90 178 3
90 179 1
90 183 1
90 186 6
90 187 10
90 189 6
90 191 8
90 196 5
91 93 6
91 94 6
91 95 1
91 98 4
91 99 9
91 108 7
91 111 10
91 116 10
91 117 1
91 118 8
91 121 2
91 126 3
91 127 7
91 129 9
91 130 7
91 132 3
91 133 10
91 135 9
91 136 3
91 138 1
91 140 2
91 141 4
91 142 8
91 145 8
91 148 10
91 153 1
91 155 7
91 157 7
91 159 8
91 160 8
91 161 10
91 164 10
91 166 3
91 168 10
91 171 3
91 172 6
91 174 10
91 177 5
91 179 10
91 180 2
91 181 5
91 183 2
91 186 1
91 190 6
91 191 4
91 196 7
91 197 6
91 198 10
92 94 9
92 95 10
92 97 9
92 98 3
92 100 10
92 101 1
92 102 5
92 110 5
92 111 6
92 114 9
92 117 7
92 118 3
92 119 9
92 121 10
92 124 3
92 125 1
92 129 1
92 131 2
92 134 10
92 136 10
92 138 7
92 139 2
92 140 5
92 141 7
92 142 4
92 146 4
92 150 9
92 154 9
92 155 9
92 156 4
92 159 2
92 161 6
92 163 9
92 164 7
92 166 8
92 168 3
92 169 6
92 171 1
92 172 5
92 173 6
92 174 2
92 175 9
92 176 10
92 177 10
92 179 5
92 180 6
92 181 5
92 182 8
92 184 6
92 190 1
92 191 4
92 192 3
92 193 4
92 195 6
92 196 5
92 198 3
92 199 2
93 102 8
93 104 3
93 107 9
93 109 5
93 111 4
93 112 6
93 113 4
93 116 7
93 117 6
93 118 6
93 119 4
93 121 10
93 125 7
93 126 8
93 131 7
93 132 6
93 134 10
93 139 9
93 141 4
93 144 3
93 146 2
93 147 2
93 149 2
93 151 9
93 152 7
93 155 7
93 156 8
93 158 9
93 159 3
93 161 3
93 163 7
93 164 7
93 165 10
93 166 1
93 167 1
93 169 1
93 171 4
93 172 5
93 177 5
93 178 8
93 184 4
93 185 5
93 186 8
93 187 10
93 191 5
93 192 10
93 195 4
93 196 10
93 198 3
93 199 2
94 98 7
94 100 5
94 101 1
94 102 1
94 103 8
94 108 5
94 109 2
94 110 2
94 111 6
94 112 5
94 114 2
94 116 3
94 117 1
94 118 2
94 119 5
94 120 9
94 124 9
94 125 8
94 126 8
94 127 2
94 130 6
94 134 7
94 135 3
94 136 5
94 137 7
94 138 5
94 141 5
94 142 5
94 143 10
94 145 7
94 147 8
94 148 4
94 157 6
94 159 3
94 163 6
94 164 4
94 165 9
94 166 7
94 168 6
94 175 3
94 176 6
94 179 9
94 181 2
94 184 1
94 185 6
94 188 4
94 190 9
94 192 5
94 193 2
94 195 8
94 198 8
94 199 10
95 97 10
95 98 9
95 99 6
95 101 6
95 106 6
95 109 9
95 110 10
95 114 5
95 115 8
95 116 10
95 117 10
95 121 7
95 125 1
95 127 9
95 129 9
95 134 2
95 139 9
95 141 6
95 142 6
95 143 5
95 145 2
95 146 3
95 147 4
95 148 5
95 150 3
95 153 6
95 157 3
95 160 1
95 161 9
95 162 8
95 163 10
95 164 6
95 166 2
95 167 10
95 168 10
95 169 6
95 170 3
95 171 9
95 173 5
95 182 5
95 183 5
95 187 1
95 188 4
95 189 9
95 191 4
95 192 5
95 197 7
95 198 4
96 97 10
96 98 10
96 101 7
96 102 3
96 107 8
96 111 9
96 112 4
96 115 5
96 116 2
96 119 4
96 121 6
96 123 8
96 124 7
96 127 8
96 128 10
96 130 9
96 133 6
96 134 5
96 135 4
96 136 5
96 138 8
96 140 10
96 143 4
96 144 4
96 145 2
96 146 5
96 148 9
96 150 9
96 151 7
96 155 6
96 156 5
96 158 10
96 161 2
96 167 6
96 171 2
96 172 7
96 173 8
96 175 9
96 178 7
96 181 1
96 183 6
96 185 1
96 186 2
96 187 10
96 188 5
96 189 3
96 191 6
96 192 9
96 193 9
96 194 7
96 195 4
96 196 3
96 199 5
97 99 8
97 100 3
97 101 10
97 102 3
97 103 10
97 105 10
97 108 3
97 109 1
97 112 5
97 113 1
97 114 2
97 119 3
97 124 9
97 125 2
97 126 1
97 127 9
97 128 9
97 129 10
97 131 2
97 134 10
97 136 6
97 138 6
97 140 2
97 143 4
97 146 3
97 147 9
97 148 10
97 149 10
97 152 8
97 153 7
97 157 4
97 158 9
97 159 9
97 160 10
97 162 8
97 165 5
97 166 3
97 168 9
97 171 2
97 173 2
97 174 6
97 178 10
97 179 4
97 180 6
97 182 7
97 184 10
97 187 6
97 188 1
97 189 3
97 190 5
97 191 5
97 192 6
97 199 3
98 101 4
98 103 7
98 105 1
98 107 1
98 109 8
98 111 4
98 113 6
98 115 3
98 117 2
98 119 3
98 120 10
98 122 4
98 123 2
98 124 10
98 125 2
98 126 4
98 133 1
98 136 8
98 137 10
98 138 10
98 139 1
98 140 8
98 149 9
98 150 10
98 151 7
98 153 1
98 157 8
98 158 10
98 161 9
98 162 10
98 164 5
98 165 8
98 168 2
98 169 9
98 170 3
98 172 1
98 173 3
98 175 7
98 177 7
98 178 4
98 180 6
98 181 10
98 183 1
98 184 4
98 185 8
98 186 1
98 187 10
98 190 2
98 192 1
98 193 9
98 194 1
98 198 4
98 199 7
99 104 4
99 105 9
99 106 8
99 107 8
99 108 4
99 112 1
99 114 8
99 119 2
99 120 2
99 121 6
99 122 8
99 124 9
99 126 5
99 127 2
99 129 6
99 130 3
99 131 2
99 134 7
99 135 6
99 137 3
99 139 5
99 140 5
99 141 8
99 142 6
99 144 7
99 145 9
99 146 10
99 148 10
99 151 2
99 153 8
99 155 7
99 161 3
99 163 8
99 164 10
99 169 10
99 170 8
99 175 4
99 176 1
99 179 4
99 180 1
99 181 3
99 183 2
99 188 10
99 189 7
99 193 6
99 194 10
99 196 9
100 101 6
100 113 9
100 115 1
100 120 2
100 122 9
100 130 3
100 133 6
100 136 1
100 139 8
100 141 1
100 143 2
100 145 6
100 146 10
100 149 4
100 150 8
100 153 7
100 155 7
100 163 6
100 165 5
100 166 8
100 167 1
100 168 2
100 173 7
100 174 2
100 177 2
100 180 3
100 182 1
100 185 3
100 188 10
100 191 7
100 196 1
100 197 7
100 199 5
101 104 10
101 105 2
101 109 5
101 113 8
101 115 10
101 120 6
101 122 3
101 124 8
101 125 4
101 126 8
101 127 4
101 131 9
101 133 3
101 134 9
101 136 6
101 138 1
101 140 4
101 141 7
101 142 3
101 144 10
101 146 3
101 147 1
101 148 2
101 150 1
101 151 7
101 152 5
101 153 10
101 154 7
101 155 8
101 156 4
101 158 1
101 159 10
101 160 7
101 164 3
101 166 10
101 175 3
101 177 1
101 180 5
101 182 7
101 183 4
101 184 9
101 185 5
101 187 5
101 189 2
101 191 7
101 192 7
101 194 6
101 195 6
101 199 2
102 103 9
102 104 3
102 105 6
102 106 1
102 109 5
102 110 1
102 113 3
102 114 2
102 115 5
102 118 8
102 121 4
102 123 3
102 125 1
102 126 9
102 128 7
102 129 3
102 130 6
102 131 1
102 134 5
102 139 10
102 142 7
102 149 10
102 150 5
102 153 6
102 156 1
102 159 8
102 160 7
102 166 3
102 168 2
102 169 4
102 170 2
102 173 3
102 177 10
102 180 2
102 182 10
102 184 8
102 185 1
102 187 1
102 189 3
102 190 8
102 192 1
102 194 9
102 196 6
102 197 5
103 105 6
103 106 5
103 110 1
103 111 5
103 112 10
103 115 9
103 117 3
103 118 7
103 119 4
103 121 5
103 124 5
103 125 9
103 127 9
103 129 9
103 130 5
103 132 10
103 133 9
103 134 1
103 143 1
103 144 1
103 146 7
103 151 7
103 152 8
103 154 6
103 158 2
103 159 7
103 160 2
103 162 8
103 163 7
103 164 2
103 167 2
103 169 5
103 172 10
103 175 5
103 177 4
103 178 3
103 183 4
103 185 3
103 187 2
103 192 5
103 196 5
104 107 8
104 109 1
104 110 4
104 111 8
104 113 10
104 115 4
104 118 10
104 119 3
104 121 4
104 122 9
104 123 5
104 126 4
104 127 9
104 134 4
104 139 2
104 140 7
104 141 5
104 144 8
104 148 9
104 150 10
104 152 4
104 154 1
104 156 3
104 159 4
104 162 2
104 164 7
104 165 6
104 171 8
104 172 6
104 173 5
104 176 1
104 177 2
104 179 3
104 184 9
104 185 6
104 186 8
104 187 9
104 191 9
104 192 3
104 194 4
104 195 5
104 196 6
104 197 10
104 198 7
104 199 3
105 106 3
105 108 5
105 111 8
105 114 7
105 115 10
105 117 8
105 119 2
105 123 1
105 126 10
105 127 1
105 128 5
105 131 2
105 133 10
105 134 7
105 136 4
105 137 5
105 138 1
105 139 3
105 143 4
105 144 3
105 145 7
105 146 2
105 149 9
105 150 6
105 151 9
105 155 6
105 156 4
105 157 6
105 158 10
105 159 2
105 160 2
105 161 4
105 165 8
105 169 10
105 172 1
105 173 5
105 178 9
105 179 10
105 180 6
105 183 9
105 185 2
105 186 7
105 188 5
105 190 1
105 196 8
105 197 9
105 198 8
105 199 4
106 107 10
106 110 3
106 111 10
106 112 5
106 115 8
106 118 2
106 119 10
106 122 6
106 123 1
106 125 1
106 128 10
106 129 3
106 130 3
106 133 4
106 134 4
106 135 4
106 139 3
106 143 2
106 144 6
106 145 10
106 146 2
106 148 5
106 149 3
106 150 8
106 151 8
106 152 1
106 153 7
106 154 6
106 155 1
106 156 2
106 158 8
106 159 7
106 160 10
106 161 2
106 163 7
106 164 9
106 167 7
106 168 7
106 170 7
106 172 3
106 173 6
106 176 2
106 181 10
106 185 5
106 187 10
106 188 2
106 189 6
106 190 5
106 191 8
106 193 6
107 109 6
107 110 2
107 122 4
107 124 8
107 125 2
107 128 1
107 131 9
107 133 2
107 134 4
107 135 3
107 139 1
107 141 3
107 144 8
107 145 2
107 150 3
107 151 4
107 154 5
107 155 7
107 156 5
107 157 8
107 158 5
107 159 9
107 161 3
107 163 3
107 164 8
107 165 3
107 167 9
107 171 5
107 172 8
107 175 9
107 177 7
107 181 2
107 183 8
107 191 1
107 192 10
107 195 9
107 197 1
107 199 7
108 109 7
108 114 8
108 115 6
108 116 7
108 122 10
108 123 7
108 125 4
108 126 6
108 130 9
108 131 2
108 136 8
108 137 8
108 138 2
108 139 9
108 142 1
108 144 9
108 145 3
108 146 6
108 147 7
108 148 2
108 150 8
108 152 10
108 153 6
108 154 5
108 155 6
108 156 3
108 157 3
108 160 3
108 161 8
108 163 6
108 166 1
108 167 4
108 168 7
108 169 6
108 170 6
108 171 6
108 173 4
108 179 2
108 182 2
108 184 5
108 185 5
108 188 6
108 192 6
108 194 5
108 195 4
108 196 9
109 110 10
109 111 1
109 112 3
109 115 1
109 116 9
109 117 5
109 121 5
109 125 10
109 129 8
109 132 9
109 134 6
109 135 7
109 136 9
109 138 9
109 139 7
109 140 5
109 141 5
109 142 3
109 143 9
109 144 6
109 146 1
109 147 9
109 151 9
109 154 8
109 155 2
109 156 3
109 157 5
109 158 6
109 159 6
109 161 9
109 164 8
109 166 10
109 167 7
109 168 9
109 169 5
109 172 7
109 173 8
109 178 5
109 180 2
109 181 4
109 182 6
109 185 8
109 186 7
109 189 5
109 191 3
109 192 4
109 193 8
109 196 3
109 197 8
109 198 8
109 199 5
110 111 5
110 112 2
110 114 8
110 115 6
110 116 10
110 121 10
110 122 6
110 126 8
110 127 2
110 129 1
110 130 10
110 136 9
110 137 7
110 138 4
110 142 10
110 143 5
110 144 8
110 145 7
110 146 8
110 147 6
110 148 9
110 149 3
110 150 1
110 152 6
110 154 1
110 155 3
110 157 9
110 159 10
110 161 9
110 164 1
110 165 6
110 166 5
110 167 8
110 168 10
110 169 7
110 170 8
110 171 7
110 174 1
110 175 4
110 178 2
110 179 10
110 180 2
110 181 3
110 183 4
110 188 7
110 189 6
110 191 7
110 192 9
110 193 3
110 194 4
110 198 10
111 113 3
111 114 3
111 115 3
111 120 4
111 125 10
111 126 1
111 127 2
111 129 5
111 131 2
111 135 10
111 139 5
111 144 8
111 148 9
111 150 5
111 151 1
111 152 8
111 153 2
111 154 10
111 155 9
111 156 3
111 157 9
111 158 9
111 159 3
111 160 10
111 161 6
111 162 1
111 170 3
111 171 2
111 174 8
111 175 9
111 178 2
111 179 7
111 183 7
111 184 4
111 185 9
111 186 7
111 188 10
111 191 10
111 196 9
112 116 9
112 117 5
112 118 9
112 132 4
112 133 6
112 135 5
112 137 2
112 141 5
112 143 3
112 144 10
112 145 8
112 147 10
112 148 4
112 149 7
112 150 2
112 151 7
112 154 8
112 155 8
112 157 2
112 159 4
112 160 4
112 166 10
112 168 5
112 170 9
112 175 1
112 176 2
112 177 4
112 179 3
112 182 4
112 183 4
112 184 2
112 187 5
112 188 5
112 192 5
112 193 1
112 194 3
113 114 10
113 119 2
113 121 8
113 122 8
113 123 10
113 125 1
113 126 10
113 127 3
113 128 10
113 129 4
113 131 5
113 132 2
113 134 3
113 137 9
113 139 4
113 143 6
113 149 6
113 150 8
113 151 7
113 154 7
113 156 3
113 158 6
113 159 2
113 160 4
113 165 4
113 172 10
113 173 10
113 176 3
113 178 1
113 179 4
113 181 9
113 182 10
113 184 5
113 185 5
113 187 3
113 188 5
113 189 4
113 190 4
113 191 2
113 192 2
113 193 5
113 194 3
113 195 8
113 196 10
113 198 2
113 199 8
114 116 9
114 120 10
114 121 6
114 129 6
114 131 4
114 132 1
114 133 5
114 146 3
114 148 6
114 150 5
114 152 6
114 153 6
114 155 10
114 156 7
114 157 7
114 158 10
114 160 9
114 164 4
114 166 4
114 167 8
114 169 2
114 171 6
114 172 6
114 173 1
114 175 8
114 180 1
114 181 8
114 182 9
114 184 7
114 186 8
114 187 1
114 188 1
114 189 4
114 190 7
114 193 2
114 194 10
114 197 2
114 198 1
114 199 2
115 116 4
115 121 4
115 122 5
115 123 3
115 125 9
115 126 9
115 128 4
115 129 7
115 130 3
115 132 6
115 136 9
115 137 8
115 138 1
115 141 9
115 142 7
115 144 2
115 149 10
115 150 8
115 152 10
115 153 6
115 154 10
115 156 4
115 157 8
115 160 9
115 161 10
115 162 5
115 163 7
115 166 6
115 169 6
115 170 2
115 173 4
115 174 3
115 175 1
115 177 3
115 178 10
115 184 3
115 185 8
115 188 1
115 189 5
115 191 4
115 194 1
115 196 3
115 199 2
116 118 1
116 120 3
116 122 4
116 123 9
116 124 10
116 126 7
116 129 2
116 131 7
116 133 3
116 134 7
116 135 5
116 137 4
116 139 2
116 143 4
116 144 3
116 146 1
116 147 1
116 152 6
116 155 4
116 157 1
116 158 1
116 159 1
116 161 2
116 162 1
116 163 8
116 165 5
116 167 7
116 169 3
116 177 7
116 178 5
116 181 4
116 182 7
116 185 7
116 186 8
116 189 4
116 190 8
116 191 1
116 192 7
116 195 3
116 198 6
116 199 10
117 118 9
117 119 6
117 121 4
117 124 2
117 127 2
117 129 1
117 132 5
117 139 9
117 140 9
117 141 3
117 144 4
117 145 4
117 146 5
117 149 2
117 150 2
117 152 8
117 154 5
117 155 9
117 157 7
117 160 8
117 165 10
117 167 1
117 168 2
117 175 2
117 178 5
117 181 9
117 183 8
117 185 2
117 186 4
117 187 6
117 188 2
117 189 1
117 190 3
117 191 1
117 192 1
117 196 1
117 197 3
117 198 5
118 122 10
118 123 7
118 125 6
118 129 5
118 130 4
118 137 5
118 140 6
118 141 3
118 143 10
118 144 10
118 146 3
118 148 8
118 149 8
118 150 8
118 157 7
118 158 9
118 159 3
118 160 1
118 161 8
118 162 2
118 164 5
118 166 8
118 171 7
118 173 8
118 174 1
118 175 7
118 179 1
118 180 3
118 185 5
118 186 3
118 188 10
118 190 4
118 191 5
118 192 2
118 197 1
118 198 4
118 199 8
119 121 5
119 124 9
119 125 2
119 126 9
119 129 6
119 130 10
119 131 2
119 134 10
119 135 5
119 138 4
119 143 5
119 145 8
119 148 4
119 150 3
119 151 10
119 155 3
119 163 10
119 168 10
119 169 9
119 171 5
119 172 10
119 176 7
119 178 3
119 180 8
119 183 1
119 188 6
119 189 2
119 192 6
119 195 4
119 196 9
119 197 10
119 198 10
119 199 2
120 121 1
120 123 8
120 124 1
120 127 4
120 128 7
120 131 1
120 135 9
120 139 10
120 140 6
120 141 1
120 143 8
120 145 4
120 149 2
120 151 3
120 152 2
120 154 8
120 155 7
120 156 5
120 158 6
120 160 5
120 162 3
120 164 3
120 167 6
120 169 7
120 170 5
120 173 4
120 175 4
120 176 1
120 177 9
120 179 3
120 180 8
120 181 2
120 183 9
120 186 2
120 187 2
120 191 5
120 194 5
120 195 6
120 196 4
120 197 5
121 123 5
121 124 10
121 125 3
121 126 4
121 130 8
121 136 10
121 138 9
121 139 5
121 140 9
121 143 9
121 146 5
121 148 2
121 149 9
121 150 4
121 151 6
121 152 7
121 153 6
121 155 8
121 158 3
121 162 10
121 163 7
121 165 6
121 167 10
121 171 10
121 172 10
121 173 6
121 176 7
121 181 10
121 182 8
121 185 7
121 188 7
121 189 3
121 190 7
121 191 9
121 194 1
121 195 6
121 196 7
121 197 1
122 124 3
122 127 10
122 129 8
122 131 4
122 132 6
122 134 7
122 135 6
122 136 9
122 145 1
122 146 10
122 151 10
122 152 5
122 153 4
122 154 7
122 155 2
122 156 1
122 157 1
122 158 10
122 159 6
122 161 9
122 162 2
122 163 7
122 164 10
122 165 10
122 169 1
122 171 2
122 172 4
122 178 4
122 179 2
122 180 9
122 183 6
122 185 9
122 186 3
122 187 9
122 190 5
122 192 8
122 193 3
122 195 7
122 196 3
123 124 5
123 125 2
123 126 10
123 127 4
123 128 4
123 129 6
123 130 2
123 134 6
123 135 9
123 136 6
123 139 5
123 140 6
123 141 1
123 143 10
123 148 8
123 151 8
123 152 2
123 154 9
123 158 1
123 163 5
123 164 7
123 165 7
123 167 8
123 168 10
123 169 5
123 174 10
123 177 5
123 178 10
123 181 6
123 185 4
123 191 1
123 195 6
123 197 5
123 198 8
124 125 4
124 126 4
124 127 6
124 128 6
124 133 7
124 134 7
124 137 2
124 140 10
124 141 5
124 143 9
124 144 7
124 145 9
124 151 7
124 154 10
124 155 2
124 156 6
124 157 5
124 158 9
124 160 4
124 161 5
124 162 7
124 165 1
124 166 2
124 167 3
124 168 7
124 170 4
124 171 8
124 173 5
124 174 3
124 175 4
124 178 4
124 180 6
124 182 10
124 184 10
124 185 2
124 187 5
124 189 2
124 190 3
124 195 2
124 196 1
124 198 6
124 199 5
125 126 8
125 127 5
125 129 1
125 133 4
125 138 2
125 141 9
125 144 2
125 145 2
125 146 10
125 148 2
125 153 2
125 154 10
125 156 8
125 157 8
125 158 2
125 159 10
125 161 1
125 162 5
125 163 2
125 164 5
125 165 6
125 168 8
125 169 8
125 171 6
125 174 2
125 175 9
125 183 4
125 186 10
125 187 8
125 189 8
125 191 5
125 194 6
125 196 6
125 198 1
125 199 1
126 128 1
126 129 10
126 133 1
126 135 8
126 141 9
126 143 8
126 144 7
126 145 10
126 147 1
126 149 4
126 150 3
126 156 4
126 158 10
126 159 9
126 160 3
126 161 10
126 162 4
126 163 3
126 164 8
126 167 8
126 168 2
126 170 6
126 172 8
126 173 9
126 174 1
126 176 8
126 177 1
126 178 7
126 179 4
126 182 10
126 183 1
126 185 1
126 187 3
126 189 9
126 191 9
126 193 1
126 194 2
126 195 5
126 196 6
126 197 8
126 198 9
127 129 2
127 131 1
127 133 8
127 134 6
127 136 1
127 138 3
127 139 7
127 140 2
127 141 4
127 143 6
127 147 10
127 148 10
127 151 9
127 154 10
127 156 7
127 160 5
127 161 6
127 162 9
127 165 8
127 166 6
127 167 4
127 169 6
127 171 5
127 175 4
127 178 6
127 181 2
127 183 2
127 184 8
127 185 3
127 186 10
127 188 2
127 190 4
127 191 3
127 195 6
127 196 3
127 197 8
127 198 5
128 129 4
128 130 5
128 131 7
128 132 3
128 133 7
128 135 10
128 136 1
128 137 4
128 138 7
128 139 6
128 140 4
128 142 2
128 145 4
128 146 9
128 152 8
128 158 7
128 159 4
128 160 5
128 162 3
128 165 3
128 166 9
128 167 4
128 168 3
128 169 9
128 174 5
128 175 6
128 176 7
128 178 5
128 179 5
128 180 10
128 183 6
128 184 8
128 188 3
128 189 1
128 191 3
128 192 1
128 196 10
128 197 6
128 198 8
129 132 4
129 137 1
129 138 3
129 139 7
129 140 2
129 142 8
129 147 9
129 148 8
129 149 3
129 150 3
129 151 9
129 152 8
129 159 9
129 160 1
129 161 9
129 164 7
129 167 8
129 169 6
129 171 7
129 172 8
129 174 3
129 175 3
129 178 8
129 179 5
129 181 3
129 186 2
129 190 9
129 191 6
129 192 3
129 194 3
129 196 6
129 198 1
130 132 8
130 135 8
130 139 6
130 140 10
130 141 8
130 143 1
130 145 3
130 146 7
130 147 8
130 149 8
130 151 10
130 154 2
130 158 3
130 159 6
130 161 5
130 164 5
130 169 7
130 170 1
130 171 6
130 173 5
130 174 7
130 175 2
130 176 8
130 177 2
130 180 4
130 186 4
130 188 9
130 191 6
130 192 3
130 193 6
130 195 4
130 196 3
130 197 6
130 198 2
131 133 6
131 134 4
131 135 8
131 138 6
131 143 9
131 146 3
131 147 5
131 149 2
131 150 5
131 152 1
131 155 6
131 159 9
131 162 1
131 165 1
131 166 5
131 167 9
131 170 8
131 172 3
131 175 6
131 176 6
131 177 1
131 182 10
131 183 4
131 184 5
131 187 2
131 188 3
131 189 9
131 191 3
131 192 9
131 195 6
131 197 8
131 199 7
132 133 4
132 134 5
132 135 5
132 136 3
132 140 5
132 144 7
132 145 6
132 149 7
132 151 4
132 154 4
132 155 4
132 157 5
132 158 10
132 160 2
132 162 2
132 168 5
132 170 2
132 178 6
132 180 7
132 181 7
132 185 2
132 188 2
132 191 4
132 193 6
132 196 7
132 198 5
132 199 3
133 134 9
133 135 6
133 136 5
133 141 8
133 142 6
133 144 6
133 145 10
133 146 2
133 147 9
133 150 9
133 152 7
133 153 10
133 154 6
133 157 5
133 158 8
133 163 9
133 164 6
133 166 8
133 169 2
133 170 5
133 171 5
133 173 5
133 176 10
133 177 9
133 179 1
133 180 8
133 181 8
133 182 8
133 183 1
133 184 2
133 185 9
133 186 7
133 187 3
133 190 6
133 192 5
133 193 1
133 197 5
133 199 8
134 137 4
134 140 2
134 141 3
134 142 4
134 143 4
134 144 6
134 147 1
134 150 2
134 155 9
134 157 5
134 164 4
134 165 4
134 166 2
134 168 5
134 169 4
134 174 10
134 175 5
134 176 1
134 177 3
134 178 9
134 181 9
134 182 5
134 185 10
134 187 3
134 189 8
134 190 8
134 192 2
134 193 5
134 195 5
134 196 7
135 137 10
135 139 7
135 140 8
135 142 2
135 144 4
135 145 5
135 146 6
135 148 10
135 149 6
135 155 1
135 156 5
135 159 4
135 161 10
135 162 5
135 166 5
135 167 10
135 168 6
135 169 2
135 170 7
135 171 6
135 172 9
135 180 2
135 181 6
135 183 9
135 184 8
135 185 5
135 186 7
135 187 1
135 191 8
135 192 10
135 193 4
135 196 3
136 137 1
136 140 9
136 141 6
136 142 7
136 145 7
136 150 1
136 151 9
136 152 10
136 153 3
136 155 1
136 163 8
136 164 9
136 165 10
136 166 5
136 169 4
136 171 4
136 172 7
136 173 7
136 174 6
136 177 1
136 180 2
136 181 3
136 184 3
136 185 5
136 186 8
136 187 2
136 188 7
136 189 1
136 191 5
136 195 7
136 197 7
136 198 9
136 199 2
137 139 5
137 144 6
137 150 6
137 155 4
137 156 10
137 157 3
137 158 8
137 159 3
137 160 10
137 161 5
137 162 2
137 164 4
137 166 6
137 167 5
137 169 8
137 171 8
137 173 2
137 174 10
137 175 10
137 176 7
137 178 5
137 179 9
137 180 5
137 185 8
137 188 1
137 195 3
137 198 1
138 139 8
138 141 10
138 143 7
138 144 7
138 146 2
138 148 7
138 149 1
138 153 10
138 156 1
138 157 4
138 158 8
138 163 1
138 164 1
138 167 6
138 168 5
138 169 4
138 170 9
138 172 6
138 174 9
138 175 3
138 176 8
138 177 5
138 178 5
138 181 10
138 182 8
138 184 4
138 186 2
138 187 3
138 190 1
138 192 2
138 193 6
138 194 3
138 195 10
138 197 2
138 198 6
139 142 8
139 143 2
139 144 8
139 147 4
139 149 2
139 155 6
139 156 8
139 157 5
139 158 3
139 160 6
139 162 9
139 166 5
139 168 2
139 170 10
139 174 3
139 175 7
139 176 9
139 181 8
139 182 10
139 186 5
139 189 3
139 191 9
139 192 10
139 197 8
139 199 10
140 141 4
140 145 5
140 147 5
140 149 10
140 150 1
140 151 8
140 152 9
140 153 2
140 156 6
140 162 6
140 165 9
140 168 5
140 173 6
140 176 7
140 177 5
140 181 8
140 182 4
140 183 4
140 187 1
140 189 10
140 190 3
140 192 8
140 193 9
140 194 2
140 197 1
140 199 9
141 145 7
141 147 2
141 149 2
141 150 5
141 152 5
141 157 4
141 158 3
141 159 6
141 160 7
141 163 7
141 165 1
141 168 1
141 170 4
141 173 3
141 175 4
141 178 4
141 179 6
141 180 6
141 182 5
141 184 9
141 185 9
141 186 2
141 187 7
141 189 10
141 190 9
141 192 2
141 196 2
141 197 2
141 198 5
142 145 10
142 146 4
142 147 6
142 150 9
142 151 8
142 152 4
142 154 5
142 155 10
142 160 10
142 161 9
142 162 8
142 163 4
142 167 4
142 168 7
142 169 8
142 172 3
142 173 6
142 177 8
142 179 9
142 181 1
142 184 1
142 185 6
142 194 7
142 195 9
142 197 2
142 198 2
143 144 2
143 145 6
143 146 4
143 147 3
143 149 9
143 151 7
143 154 8
143 156 3
143 162 6
143 166 5
143 167 2
143 168 6
143 169 4
143 170 9
143 173 2
143 174 1
143 175 7
143 176 8
143 177 9
143 178 10
143 179 5
143 183 7
143 190 5
143 192 9
143 194 1
143 197 1
143 199 3
144 145 2
144 147 8
144 149 7
144 151 4
144 152 2
144 154 4
144 155 3
144 156 7
144 160 9
144 161 10
144 163 6
144 165 5
144 166 3
144 167 8
144 169 1
144 173 2
144 174 10
144 176 6
144 179 9
144 180 4
144 182 1
144 187 10
144 195 7
144 197 5
145 152 9
145 153 4
145 154 5
145 157 7
145 159 9
145 162 5
145 163 10
145 165 9
145 169 6
145 170 7
145 173 9
145 174 8
145 178 1
145 180 3
145 181 4
145 183 8
145 185 10
145 187 4
145 190 10
145 192 6
145 195 7
145 196 6
145 197 4
145 198 2
146 147 3
146 149 2
146 153 1
146 155 4
146 159 10
146 160 1
146 161 5
146 163 9
146 164 7
146 165 5
146 168 10
146 169 5
146 170 2
146 174 5
146 175 9
146 179 10
146 180 9
146 181 2
146 182 1
146 184 7
146 185 8
146 186 4
146 188 10
146 191 9
146 192 3
146 194 1
146 198 9
147 148 8
147 149 8
147 152 4
147 153 3
147 158 2
147 159 9
147 160 4
147 161 7
147 163 4
147 164 4
147 167 2
147 168 8
147 171 6
147 172 2
147 174 2
147 178 5
147 179 2
147 182 9
147 183 4
147 184 2
147 185 2
147 186 7
147 188 1
147 190 4
147 192 2
147 195 9
147 198 3
148 149 2
148 150 1
148 153 7
148 155 8
148 158 6
148 159 8
148 161 8
148 162 5
148 166 10
148 167 7
148 171 5
148 176 3
148 178 1
148 179 10
148 182 8
148 183 3
148 187 3
148 190 3
148 192 9
148 193 9
148 194 6
148 195 2
148 197 6
148 198 5
149 150 3
149 152 10
149 153 9
149 155 10
149 157 4
149 159 10
149 160 2
149 166 6
149 167 4
149 168 6
149 169 1
149 171 1
149 174 1
149 175 2
149 176 3
149 177 2
149 178 9
149 180 3
149 182 6
149 183 8
149 186 6
149 187 8
149 188 10
149 189 9
149 190 5
149 193 4
149 196 4
149 197 6
149 199 2
150 151 6
150 152 4
150 155 5
150 157 2
150 158 1
150 161 6
150 163 2
150 167 7
150 169 2
150 173 8
150 174 4
150 178 4
150 179 9
150 180 7
150 183 4
150 185 3
150 187 10
150 189 9
150 190 4
150 192 10
150 193 5
150 194 6
150 195 8
150 196 3
150 197 7
150 199 7
151 152 7
151 153 2
151 154 10
151 155 4
151 156 3
151 159 9
151 160 9
151 161 8
151 165 6
151 167 7
151 168 4
151 169 5
151 172 9
151 173 6
151 175 4
151 176 3
151 177 1
151 179 7
151 180 2
151 181 5
151 182 4
151 185 8
151 189 10
151 190 1
151 191 9
151 193 2
151 195 9
151 197 10
151 198 5
151 199 9
152 154 9
152 155 1
152 156 2
152 157 9
152 158 5
152 159 7
152 160 7
152 164 3
152 167 10
152 169 10
152 170 3
152 171 2
152 172 6
152 174 2
152 176 3
152 177 9
152 178 7
152 181 4
152 182 5
152 183 3
152 184 1
152 189 1
152 191 3
152 196 8
152 199 7
153 156 5
153 159 5
153 162 5
153 165 4
153 166 1
153 167 4
153 170 5
153 176 7
153 181 5
153 183 3
153 188 8
153 189 2
153 190 5
153 198 4
154 157 3
154 158 1
154 159 4
154 160 7
154 162 4
154 168 1
154 169 3
154 172 8
154 174 5
154 177 7
154 181 9
154 182 8
154 183 4
154 185 9
154 187 9
154 191 8
154 199 1
155 157 6
155 158 1
155 162 9
155 164 8
155 166 6
155 170 9
155 174 10
155 176 4
155 178 10
155 179 8
155 181 8
155 186 9
155 188 1
155 189 6
155 191 5
155 192 8
155 198 8
155 199 5
156 158 5
156 160 4
156 161 2
156 162 10
156 165 3
156 166 6
156 167 5
156 169 3
156 174 10
156 175 1
156 183 4
156 184 3
156 186 2
156 187 3
156 191 7
156 192 9
156 193 2
156 194 4
156 196 6
156 197 5
156 198 4
157 158 2
157 159 4
157 161 10
157 162 4
157 163 6
157 166 8
157 168 2
157 169 6
157 171 10
157 173 9
157 174 5
157 175 6
157 177 6
157 178 1
157 179 10
157 181 10
157 184 10
157 188 10
157 189 6
157 192 7
157 195 4
157 197 4
157 198 3
157 199 7
158 159 10
158 162 10
158 165 2
158 173 2
158 174 7
158 175 9
158 181 10
158 182 5
158 185 9
158 187 4
158 188 2
158 189 7
158 191 4
158 197 1
158 198 7
158 199 8
159 161 6
159 172 7
159 173 1
159 174 9
159 177 4
159 178 7
159 180 10
159 183 5
159 184 4
159 185 6
159 187 3
159 189 10
159 193 8
159 195 6
159 199 2
160 161 1
160 162 8
160 163 1
160 164 8
160 165 1
160 166 8
160 168 1
160 173 7
160 174 7
160 175 8
160 177 1
160 178 8
160 182 2
160 184 9
160 185 3
160 189 2
160 190 1
160 192 10
160 194 4
160 197 4
161 162 4
161 167 9
161 168 7
161 169 6
161 170 9
161 171 9
161 172 5
161 173 1
161 174 7
161 177 1
161 178 2
161 179 1
161 181 2
161 182 6
161 183 6
161 184 10
161 186 9
161 187 2
161 188 10
161 189 8
161 191 1
161 193 9
161 194 4
161 197 3
161 199 8
162 163 9
162 165 4
162 168 7
162 169 4
162 171 9
162 172 7
162 173 7
162 174 7
162 177 2
162 178 2
162 180 2
162 182 1
162 183 7
162 184 9
162 185 7
162 187 2
162 188 8
162 192 8
162 193 3
162 194 7
162 196 3
163 166 1
163 167 9
163 170 8
163 171 7
163 172 7
163 173 1
163 174 5
163 178 9
163 181 5
163 182 9
163 184 6
163 185 2
163 186 1
163 189 5
163 194 5
163 197 8
163 198 3
164 165 2
164 166 4
164 168 3
164 169 5
164 171 3
164 172 3
164 173 8
164 176 9
164 178 1
164 181 4
164 183 10
164 184 3
164 185 7
164 187 5
164 191 1
164 194 2
164 196 4
164 199 1
165 166 8
165 167 5
165 171 2
165 172 9
165 176 6
165 177 6
165 178 3
165 180 3
165 184 10
165 185 8
165 186 1
165 188 1
165 189 10
165 190 10
165 191 3
165 197 7
166 167 6
166 168 5
166 169 2
166 170 1
166 173 10
166 175 3
166 176 1
166 177 3
166 179 10
166 180 9
166 181 1
166 183 10
166 184 1
166 185 10
166 187 10
166 189 5
166 190 8
166 192 7
166 193 4
166 194 1
166 195 5
166 196 4
166 198 9
166 199 6
167 169 3
167 170 8
167 171 7
167 172 9
167 177 3
167 178 7
167 180 1
167 183 6
167 187 2
167 188 3
167 197 2
168 169 6
168 175 8
168 176 7
168 177 10
168 178 5
168 184 4
168 185 2
168 186 8
168 189 10
168 190 4
168 192 9
168 195 5
168 196 5
169 170 7
169 172 3
169 173 2
169 175 6
169 176 2
169 177 8
169 178 2
169 179 7
169 180 4
169 181 10
169 184 6
169 188 10
169 189 10
169 190 9
169 191 9
169 192 9
169 198 4
170 177 5
170 179 4
170 182 7
170 183 2
170 184 6
170 185 8
170 186 9
170 189 5
170 190 6
170 192 4
170 194 7
170 195 7
170 196 9
170 197 7
171 173 10
171 180 4
171 181 3
171 184 2
171 185 2
171 186 7
171 187 1
171 188 7
171 189 8
171 190 8
171 191 10
171 194 4
171 195 5
171 198 10
172 173 4
172 176 1
172 177 5
172 178 3
172 180 5
172 182 2
172 183 7
172 184 9
172 186 7
172 191 7
172 194 1
172 195 3
172 196 7
172 197 6
173 174 4
173 176 6
173 178 5
173 179 1
173 180 5
173 183 10
173 185 2
173 186 10
173 187 6
173 189 9
173 190 6
173 191 8
173 192 1
173 196 3
173 197 5
173 199 6
174 179 5
174 180 1
174 182 10
174 183 8
174 184 6
174 188 8
174 191 1
174 193 8
174 195 8
175 176 5
175 177 1
175 179 6
175 182 5
175 183 10
175 184 4
175 185 9
175 188 6
175 189 8
175 190 10
175 192 3
175 193 9
175 194 1
175 195 3
175 197 4
175 198 1
176 177 6
176 178 2
176 180 4
176 183 9
176 184 9
176 187 3
176 189 2
176 190 5
176 193 6
176 194 5
176 196 2
176 197 4
177 183 8
177 187 4
177 189 2
177 193 3
177 194 1
177 196 3
177 198 3
178 179 6
178 181 8
178 182 1
178 183 4
178 186 5
178 188 5
178 189 6
178 192 2
178 194 5
178 195 7
178 197 3
178 198 4
179 182 4
179 183 9
179 184 4
179 186 10
179 188 8
179 189 1
179 190 6
179 194 7
179 196 6
179 198 9
180 181 9
180 188 5
180 190 2
180 195 4
180 196 6
180 197 10
180 198 10
180 199 8
181 182 5
181 183 3
181 186 8
181 192 1
181 193 4
181 194 2
181 197 8
181 199 3
182 183 4
182 185 2
182 188 3
182 194 2
182 195 3
182 196 8
182 197 2
182 198 2
182 199 6
183 184 3
183 185 8
183 188 6
183 193 1
183 194 6
183 197 1
184 185 2
184 187 8
184 190 3
184 192 7
184 193 2
184 199 9
185 187 3
185 190 9
185 191 10
185 193 10
185 196 1
185 199 7
186 187 3
186 192 8
186 193 4
186 195 6
186 196 6
187 190 1
187 197 5
188 189 2
188 190 5
188 196 6
188 197 8
188 198 1
188 199 8
189 190 2
189 191 9
189 192 1
189 195 6
189 196 10
189 198 7
190 193 1
190 195 4
190 196 9
190 199 4
191 192 10
191 193 5
191 195 7
191 198 3
192 193 3
192 194 2
192 195 6
192 198 1
193 194 10
193 195 8
193 196 7
193 198 7
194 196 2
194 197 9
194 198 10
194 199 3
196 197 3
196 198 9
196 199 8
197 198 9
198 199 4
