150 5591
0 2 7
0 3 1
0 4 2
0 8 2
0 9 2
0 10 2
0 11 3
0 13 9
0 14 6
0 17 3
0 20 8
0 23 9
0 24 6
0 26 10
0 27 9
0 28 10
0 35 2
0 42 6
0 43 10
0 44 1
0 45 10
0 46 5
0 47 8
0 48 1
0 50 9
0 51 9
0 52 4
0 53 4
0 57 9
0 59 8
0 60 9
0 67 8
0 68 6
0 69 6
0 70 2
0 71 3
0 74 9
0 76 9
0 78 9
0 79 2
0 80 8
0 82 4
0 85 7
0 86 9
0 89 4
0 90 8
0 91 9
0 94 1
0 95 4
0 96 2
0 101 1
0 105 5
0 107 8
0 108 5
0 109 5
0 112 4
0 114 4
0 117 10
0 120 2
0 125 2
0 126 3
0 127 10
0 131 6
0 132 4
0 135 3
0 136 6
0 137 10
0 140 1
0 141 3
0 143 3
0 145 8
0 146 10
0 149 1
1 2 2
1 5 9
1 7 9
1 8 4
1 9 8
1 11 2
1 12 9
1 13 7
1 15 10
1 18 8
1 19 7
1 21 2
1 22 9
1 25 4
1 28 2
1 29 10
1 30 10
1 31 5
1 32 5
1 36 3
1 37 4
1 38 7
1 40 10
1 41 9
1 42 10
1 43 7
1 44 6
1 45 4
1 47 1
1 50 9
1 56 9
1 57 6
1 58 6
1 59 5
1 60 3
1 61 7
1 63 7
1 65 3
1 66 10
1 71 9
1 72 2
1 77 4
1 81 1
1 83 6
1 84 9
1 87 8
1 88 4
1 90 7
1 93 7
1 97 6
1 99 7
1 100 3
1 102 9
1 103 6
1 105 6
1 106 6
1 109 7
1 110 8
1 111 8
1 115 9
1 116 6
1 122 3
1 124 10
1 127 5
1 128 6
1 129 3
1 131 7
1 134 3
1 136 9
1 137 2
1 140 4
1 141 8
1 142 4
1 143 5
1 146 5
1 149 4
2 3 6
2 4 6
2 10 2
2 11 9
2 12 6
2 17 9
2 18 9
2 19 4
2 22 10
2 24 2
2 30 4
2 32 4
2 37 5
2 39 8
2 42 2
2 44 2
2 45 6
2 47 10
2 48 5
2 49 8
2 50 7
2 53 1
2 55 4
2 59 9
2 61 2
2 63 4
2 64 1
2 65 7
2 67 10
2 70 10
2 72 5
2 74 10
2 80 10
2 81 8
2 83 8
2 84 2
2 87 7
2 88 1
2 89 4
2 90 6
2 91 6
2 92 10
2 93 5
2 98 5
2 100 8
2 101 7
2 102 5
2 105 8
2 106 1
2 107 6
2 108 7
2 111 8
2 112 6
2 115 4
2 119 9
2 120 1
2 121 5
2 122 1
2 123 7
2 125 10
2 126 1
2 128 8
2 130 1
2 131 5
2 133 9
2 136 10
2 137 4
2 138 6
2 141 9
2 142 10
2 144 7
3 12 5
3 13 8
3 14 6
3 19 9
3 20 3
3 21 4
3 22 1
3 23 10
3 25 5
3 26 5
3 29 9
3 30 4
3 32 8
3 33 10
3 34 7
3 40 4
3 41 3
3 42 7
3 46 6
3 50 9
3 51 10
3 52 3
3 53 7
3 54 10
3 56 5
3 57 6
3 58 2
3 59 10
3 61 5
3 62 7
3 64 7
3 66 7
3 67 10
3 68 9
3 69 6
3 70 9
3 71 2
3 73 5
3 76 5
3 77 9
3 78 10
3 81 3
3 87 2
3 88 3
3 89 6
3 90 3
3 93 3
3 96 2
3 99 1
3 102 9
3 103 7
3 104 1
3 107 4
3 109 4
3 112 6
3 116 8
3 119 7
3 120 4
3 121 6
3 123 8
3 126 5
3 131 3
3 134 6
3 137 7
3 138 4
3 140 5
3 143 7
3 145 4
3 146 7
3 148 1
3 149 7
4 6 8
4 7 1
4 9 5
4 12 1
4 13 9
4 15 5
4 17 7
4 21 5
4 23 2
4 24 10
4 26 7
4 28 2
4 30 6
4 32 5
4 34 3
4 35 10
4 36 8
4 37 7
4 38 6
4 41 4
4 42 4
4 43 6
4 47 4
4 48 7
4 49 4
4 50 4
4 51 9
4 52 4
4 54 9
4 58 9
4 60 1
4 63 2
4 64 4
4 65 3
4 66 7
4 68 8
4 70 10
4 71 1
4 73 3
4 74 6
4 76 9
4 78 1
4 82 5
4 84 7
4 85 5
4 88 4
4 93 3
4 94 7
4 96 4
4 97 8
4 98 1
4 99 7
4 100 9
4 102 4
4 103 2
4 106 10
4 113 4
4 118 8
4 119 5
4 120 6
4 123 4
4 124 1
4 129 2
4 130 2
4 131 10
4 132 7
4 133 4
4 134 8
4 135 3
4 142 5
4 143 2
4 145 6
4 148 7
5 7 9
5 8 2
5 9 2
5 10 9
5 13 7
5 15 10
5 19 6
5 20 9
5 21 10
5 23 2
5 28 8
5 29 2
5 30 9
5 34 7
5 37 1
5 39 6
5 42 7
5 43 10
5 46 3
5 49 7
5 50 2
5 52 7
5 55 5
5 58 6
5 60 10
5 65 1
5 67 2
5 71 10
5 72 7
5 75 3
5 76 7
5 78 4
5 81 6
5 82 6
5 83 9
5 86 6
5 88 8
5 92 5
5 96 3
5 97 10
5 102 8
5 104 2
5 106 10
5 108 7
5 109 2
5 111 5
5 117 2
5 118 3
5 122 7
5 123 2
5 128 7
5 129 5
5 132 7
5 135 8
5 137 7
5 138 1
5 139 5
5 143 8
5 144 4
5 147 1
5 149 4
6 7 2
6 8 1
6 9 8
6 10 8
6 14 3
6 15 8
6 16 5
6 19 2
6 20 9
6 22 6
6 23 8
6 24 2
6 25 7
6 29 9
6 32 5
6 36 4
6 38 10
6 40 3
6 43 10
6 53 8
6 54 1
6 57 8
6 58 4
6 60 8
6 61 1
6 67 7
6 69 9
6 72 10
6 73 3
6 75 3
6 82 1
6 84 3
6 86 5
6 92 9
6 93 9
6 94 8
6 98 10
6 99 7
6 102 3
6 103 4
6 104 2
6 106 5
6 107 9
6 108 10
6 110 10
6 111 1
6 115 7
6 117 7
6 118 4
6 119 5
6 120 6
6 121 6
6 123 9
6 124 7
6 125 1
6 128 10
6 132 7
6 133 9
6 134 9
6 135 6
6 137 2
6 141 8
6 143 3
6 144 1
6 146 9
6 148 8
6 149 9
7 9 9
7 10 7
7 12 4
7 14 10
7 15 1
7 16 6
7 17 7
7 19 7
7 20 9
7 22 3
7 23 5
7 24 3
7 25 4
7 29 3
7 32 10
7 35 5
7 39 10
7 41 2
7 42 6
7 43 2
7 45 4
7 47 3
7 48 3
7 50 5
7 51 2
7 54 6
7 57 1
7 59 8
7 65 2
7 66 2
7 67 5
7 68 7
7 69 5
7 70 9
7 71 4
7 72 2
7 74 4
7 75 1
7 77 2
7 79 8
7 80 2
7 86 5
7 87 5
7 88 8
7 95 3
7 97 6
7 99 8
7 100 8
7 102 9
7 111 8
7 114 9
7 115 2
7 117 7
7 118 9
7 119 7
7 122 9
7 123 7
7 125 8
7 127 9
7 128 4
7 129 6
7 130 1
7 134 7
7 135 3
7 136 5
7 139 5
7 141 7
7 142 2
7 143 7
7 145 3
7 146 9
7 147 5
7 149 6
8 10 10
8 11 3
8 13 3
8 14 8
8 15 1
8 16 8
8 17 4
8 18 6
8 19 3
8 21 6
8 22 9
8 27 6
8 29 8
8 30 5
8 36 9
8 37 2
8 38 7
8 39 1
8 44 1
8 46 10
8 49 1
8 50 1
8 51 9
8 52 1
8 53 9
8 55 8
8 58 7
8 62 3
8 63 8
8 64 5
8 68 9
8 70 4
8 73 4
8 80 9
8 81 9
8 82 3
8 83 7
8 84 3
8 85 7
8 87 5
8 88 5
8 89 10
8 91 9
8 96 1
8 100 3
8 103 10
8 104 4
8 105 9
8 106 1
8 107 6
8 109 2
8 112 1
8 113 5
8 114 8
8 115 5
8 117 5
8 118 4
8 119 4
8 120 2
8 121 5
8 125 8
8 126 10
8 128 9
8 133 6
8 135 7
8 136 3
8 139 5
8 142 3
8 143 4
9 12 2
9 13 2
9 14 3
9 15 9
9 16 9
9 18 2
9 19 4
9 20 2
9 21 7
9 23 5
9 27 3
9 28 4
9 30 5
9 31 3
9 32 5
9 36 10
9 37 7
9 38 6
9 40 9
9 41 1
9 42 10
9 44 8
9 46 6
9 48 9
9 50 1
9 53 1
9 54 6
9 55 6
9 60 1
9 61 7
9 65 7
9 68 7
9 70 10
9 72 4
9 73 1
9 75 6
9 76 7
9 77 10
9 78 6
9 79 7
9 81 7
9 83 2
9 84 2
9 89 8
9 90 5
9 93 10
9 95 8
9 96 2
9 97 3
9 98 6
9 103 10
9 104 3
9 105 10
9 106 5
9 107 8
9 109 1
9 110 9
9 113 6
9 115 2
9 116 1
9 117 2
9 119 10
9 120 7
9 122 10
9 124 7
9 129 6
9 130 3
9 133 6
9 134 1
9 136 7
9 141 8
9 142 5
9 145 6
9 147 4
10 12 6
10 14 1
10 15 2
10 16 6
10 17 1
10 18 3
10 23 8
10 25 5
10 26 1
10 29 5
10 30 7
10 31 5
10 35 7
10 37 5
10 38 2
10 43 7
10 47 2
10 48 5
10 50 10
10 52 8
10 54 3
10 55 3
10 57 4
10 59 9
10 62 10
10 64 9
10 68 6
10 71 4
10 72 7
10 74 1
10 75 5
10 80 5
10 84 8
10 86 2
10 87 6
10 89 3
10 90 7
10 92 3
10 93 2
10 94 5
10 96 5
10 98 10
10 99 8
10 101 1
10 103 6
10 104 3
10 107 9
10 108 10
10 109 7
10 118 1
10 119 6
10 120 4
10 122 9
10 124 1
10 128 7
10 129 10
10 135 5
10 138 1
10 140 6
10 144 1
10 146 7
10 148 2
10 149 9
11 12 9
11 13 7
11 14 10
11 16 10
11 20 4
11 23 10
11 24 9
11 27 2
11 29 5
11 36 8
11 37 10
11 42 5
11 44 3
11 46 7
11 48 10
11 51 8
11 52 3
11 53 7
11 54 7
11 55 8
11 56 10
11 58 7
11 63 5
11 64 5
11 66 5
11 67 6
11 68 2
11 69 8
11 70 2
11 71 8
11 72 10
11 74 5
11 76 4
11 77 2
11 79 9
11 81 4
11 83 8
11 84 3
11 85 3
11 89 1
11 90 2
11 91 4
11 92 6
11 95 10
11 98 10
11 102 4
11 103 5
11 105 7
11 107 7
11 110 2
11 113 3
11 115 6
11 117 4
11 120 3
11 123 9
11 124 5
11 125 1
11 126 3
11 127 2
11 130 1
11 132 2
11 135 2
11 136 6
11 140 4
11 142 6
11 149 9
12 13 10
12 20 5
12 24 4
12 26 4
12 28 2
12 29 10
12 30 1
12 31 8
12 33 1
12 38 8
12 39 2
12 40 7
12 41 1
12 44 2
12 45 5
12 47 1
12 48 7
12 54 5
12 55 5
12 57 3
12 59 10
12 60 7
12 61 2
12 63 6
12 64 9
12 67 2
12 68 6
12 70 9
12 75 3
12 76 6
12 78 9
12 79 7
12 80 3
12 81 5
12 82 5
12 86 10
12 89 7
12 93 4
12 94 6
12 96 10
12 98 8
12 101 10
12 104 10
12 105 3
12 107 1
12 110 4
12 116 10
12 118 3
12 121 4
12 122 7
12 127 6
12 129 2
12 131 6
12 134 1
12 137 9
12 138 4
12 139 9
12 140 6
12 141 1
12 142 9
12 143 5
12 148 5
13 17 7
13 19 4
13 20 8
13 21 3
13 22 1
13 23 1
13 24 8
13 27 6
13 29 1
13 32 4
13 33 9
13 34 2
13 35 6
13 39 8
13 40 6
13 42 5
13 44 6
13 45 10
13 46 7
13 49 2
13 51 5
13 54 3
13 55 2
13 58 7
13 59 5
13 61 2
13 63 10
13 67 5
13 68 10
13 70 8
13 71 7
13 73 9
13 76 8
13 78 5
13 79 9
13 80 2
13 83 4
13 87 6
13 88 7
13 89 8
13 92 7
13 94 6
13 95 3
13 100 9
13 102 5
13 105 7
13 110 1
13 111 6
13 115 2
13 116 8
13 117 9
13 118 4
13 123 2
13 124 5
13 125 6
13 128 7
13 130 4
13 133 2
13 134 5
13 135 6
13 136 9
13 139 6
13 141 5
13 142 2
13 143 5
13 145 6
13 147 5
14 15 6
14 18 10
14 19 1
14 20 6
14 22 10
14 23 4
14 24 10
14 29 10
14 30 4
14 35 8
14 36 4
14 37 5
14 38 7
14 40 9
14 42 1
14 49 2
14 50 6
14 51 1
14 55 5
14 57 9
14 58 10
14 62 6
14 66 1
14 68 1
14 70 5
14 73 5
14 75 5
14 76 1
14 78 7
14 82 6
14 84 8
14 85 6
14 87 9
14 88 7
14 90 6
14 93 3
14 94 1
14 96 4
14 97 3
14 98 8
14 101 10
14 102 7
14 103 7
14 104 5
14 106 1
14 109 7
14 113 4
14 114 1
14 116 1
14 118 4
14 122 3
14 123 3
14 128 7
14 130 3
14 132 8
14 134 10
14 138 8
14 139 4
14 140 3
14 142 2
14 144 7
14 146 7
15 17 8
15 18 8
15 19 7
15 20 10
15 23 2
15 24 9
15 25 1
15 26 3
15 29 8
15 35 7
15 36 10
15 38 7
15 39 7
15 40 4
15 41 6
15 42 2
15 46 2
15 48 3
15 49 1
15 52 4
15 53 6
15 54 5
15 58 10
15 60 8
15 65 8
15 66 8
15 67 5
15 68 8
15 70 4
15 72 5
15 74 7
15 79 2
15 80 5
15 82 7
15 85 9
15 87 10
15 88 7
15 90 3
15 91 6
15 93 8
15 96 4
15 100 1
15 101 8
15 105 2
15 106 8
15 107 4
15 108 6
15 109 8
15 110 9
15 111 6
15 112 2
15 113 4
15 115 9
15 116 4
15 117 6
15 118 5
15 120 7
15 121 6
15 122 4
15 123 6
15 124 8
15 129 4
15 130 10
15 131 7
15 132 7
15 133 8
15 134 10
15 135 8
15 136 5
15 137 3
15 138 6
15 139 4
15 140 10
15 143 10
15 144 5
15 145 7
15 147 2
16 17 8
16 18 2
16 22 3
16 23 6
16 25 6
16 26 3
16 29 8
16 31 9
16 33 7
16 34 6
16 36 2
16 37 4
16 44 7
16 46 4
16 47 2
16 51 7
16 52 10
16 54 2
16 58 1
16 60 7
16 61 8
16 67 9
16 71 2
16 74 4
16 76 3
16 79 1
16 82 5
16 83 9
16 84 9
16 89 7
16 90 8
16 94 2
16 95 4
16 96 4
16 97 2
16 99 7
16 101 3
16 102 4
16 103 3
16 104 2
16 105 6
16 106 4
16 107 1
16 109 1
16 110 4
16 112 7
16 116 6
16 118 2
16 119 5
16 120 9
16 123 9
16 124 9
16 125 10
16 127 5
16 128 6
16 130 3
16 132 4
16 134 8
16 137 7
16 138 7
16 140 2
16 141 5
16 142 9
16 143 7
17 18 7
17 23 3
17 25 10
17 26 4
17 27 9
17 28 1
17 29 8
17 32 9
17 33 5
17 34 9
17 35 10
17 41 10
17 42 1
17 43 4
17 44 8
17 45 5
17 46 5
17 47 6
17 48 6
17 52 6
17 54 1
17 56 8
17 57 8
17 58 2
17 60 2
17 61 4
17 63 8
17 64 8
17 68 7
17 69 7
17 72 8
17 74 3
17 78 2
17 81 7
17 83 10
17 84 6
17 86 3
17 89 9
17 92 5
17 95 2
17 96 1
17 97 9
17 98 5
17 99 2
17 100 10
17 101 8
17 103 3
17 105 9
17 106 1
17 110 1
17 116 10
17 118 9
17 123 9
17 125 1
17 126 4
17 127 1
17 130 6
17 132 6
17 134 3
17 136 10
17 137 3
17 141 10
17 143 5
17 144 10
17 146 10
17 147 9
17 148 8
17 149 9
18 20 9
18 23 8
18 24 2
18 26 5
18 27 4
18 29 4
18 30 3
18 32 10
18 33 4
18 35 7
18 37 6
18 39 8
18 41 3
18 43 8
18 44 6
18 46 1
18 47 3
18 48 8
18 50 9
18 53 10
18 54 4
18 55 10
18 56 6
18 58 7
18 62 6
18 63 5
18 64 8
18 65 10
18 67 6
18 68 10
18 70 1
18 73 6
18 75 2
18 77 3
18 79 1
18 82 3
18 83 6
18 86 3
18 87 9
18 90 9
18 92 2
18 93 2
18 94 2
18 95 2
18 103 8
18 107 2
18 108 5
18 111 10
18 112 9
18 113 4
18 119 4
18 122 9
18 127 10
18 128 2
18 129 6
18 130 6
18 131 9
18 136 5
18 138 9
18 141 3
18 142 3
18 144 5
18 147 2
19 21 5
19 25 2
19 26 3
19 27 5
19 28 9
19 30 7
19 33 3
19 36 3
19 41 4
19 42 1
19 44 2
19 47 6
19 49 10
19 50 2
19 53 4
19 54 9
19 55 4
19 56 7
19 58 3
19 59 5
19 60 6
19 63 9
19 65 4
19 67 5
19 68 2
19 69 8
19 70 10
19 76 6
19 77 10
19 78 2
19 80 3
19 81 4
19 82 2
19 85 3
19 89 6
19 90 10
19 91 3
19 93 1
19 95 2
19 96 4
19 98 4
19 100 5
19 102 7
19 104 8
19 107 9
19 108 4
19 109 3
19 110 7
19 111 7
19 115 6
19 119 8
19 121 9
19 122 4
19 123 10
19 126 1
19 131 8
19 133 8
19 134 3
19 135 8
19 137 3
19 139 6
19 141 9
19 142 6
19 143 8
19 147 2
19 148 8
19 149 10
20 21 10
20 24 1
20 25 3
20 26 3
20 27 7
20 30 8
20 31 10
20 32 9
20 33 7
20 34 7
20 38 6
20 40 4
20 41 2
20 42 3
20 43 8
20 46 1
20 48 10
20 49 2
20 50 4
20 52 6
20 53 9
20 55 2
20 56 8
20 59 3
20 61 9
20 65 9
20 67 10
20 68 6
20 70 3
20 71 10
20 74 4
20 75 5
20 76 7
20 77 4
20 80 1
20 81 7
20 83 3
20 84 2
20 85 6
20 86 8
20 88 9
20 90 7
20 91 4
20 92 5
20 94 6
20 95 8
20 96 3
20 97 10
20 105 7
20 107 3
20 110 1
20 111 5
20 112 5
20 113 2
20 116 6
20 122 9
20 124 6
20 127 5
20 129 1
20 132 2
20 135 5
20 140 6
20 145 7
20 148 9
20 149 2
21 22 3
21 23 1
21 24 10
21 25 10
21 27 4
21 29 1
21 30 4
21 34 9
21 35 1
21 42 3
21 44 8
21 45 8
21 46 2
21 47 4
21 48 10
21 53 5
21 58 9
21 60 9
21 61 7
21 63 3
21 67 4
21 70 9
21 74 4
21 77 7
21 79 4
21 81 1
21 83 7
21 87 5
21 88 3
21 89 5
21 90 10
21 91 3
21 92 10
21 93 6
21 94 6
21 98 2
21 99 3
21 101 5
21 102 7
21 106 10
21 107 5
21 109 3
21 110 4
21 112 4
21 113 1
21 114 9
21 118 1
21 121 1
21 122 2
21 124 8
21 126 5
21 127 5
21 128 4
21 129 8
21 133 7
21 134 7
21 135 2
21 136 2
21 139 8
21 140 8
21 141 10
21 142 9
21 145 3
21 146 8
21 147 5
21 148 4
21 149 8
22 24 5
22 25 8
22 26 5
22 28 7
22 30 2
22 32 6
22 33 7
22 34 10
22 35 5
22 36 3
22 37 9
22 38 6
22 41 9
22 42 2
22 49 5
22 52 5
22 54 7
22 55 2
22 63 7
22 65 1
22 69 4
22 70 1
22 72 6
22 76 9
22 79 4
22 80 3
22 81 2
22 82 10
22 83 6
22 84 8
22 89 6
22 90 5
22 91 3
22 97 7
22 98 1
22 100 5
22 101 8
22 102 8
22 103 4
22 105 8
22 106 6
22 107 9
22 110 6
22 112 6
22 113 6
22 117 3
22 119 3
22 120 6
22 121 5
22 123 6
22 125 4
22 127 6
22 129 2
22 130 6
22 132 7
22 133 7
22 140 4
22 141 10
22 143 7
22 146 3
22 147 5
23 24 9
23 25 2
23 28 8
23 32 1
23 33 10
23 34 10
23 36 4
23 39 9
23 40 7
23 44 1
23 45 5
23 46 7
23 52 2
23 53 6
23 54 2
23 57 1
23 61 7
23 62 9
23 64 8
23 67 8
23 68 1
23 69 10
23 70 4
23 71 2
23 74 3
23 75 7
23 79 7
23 82 3
23 83 7
23 84 6
23 88 2
23 91 10
23 92 9
23 103 4
23 104 8
23 105 1
23 106 4
23 109 8
23 111 10
23 120 6
23 121 1
23 122 8
23 123 1
23 126 3
23 128 5
23 129 5
23 130 5
23 132 7
23 134 10
23 135 7
23 136 2
23 138 3
23 142 1
23 146 7
23 147 2
23 148 9
24 25 6
24 26 3
24 27 10
24 30 3
24 31 5
24 34 7
24 36 6
24 38 5
24 39 4
24 41 10
24 43 8
24 45 10
24 48 3
24 50 4
24 51 8
24 52 7
24 53 1
24 54 5
24 55 4
24 57 5
24 60 10
24 62 9
24 63 7
24 64 3
24 66 6
24 68 3
24 69 1
24 72 7
24 75 6
24 77 2
24 78 6
24 81 4
24 82 7
24 84 9
24 87 7
24 88 4
24 90 2
24 92 5
24 94 9
24 98 1
24 100 2
24 101 8
24 103 5
24 104 2
24 107 5
24 110 5
24 112 6
24 114 3
24 116 1
24 117 5
24 118 3
24 119 1
24 120 10
24 121 9
24 123 1
24 125 4
24 126 9
24 127 9
24 128 9
24 130 9
24 131 3
24 136 5
24 137 8
24 140 5
24 141 6
24 142 9
24 144 9
24 145 7
24 146 10
24 147 9
24 148 8
24 149 4
25 27 4
25 29 7
25 31 9
25 34 5
25 35 10
25 36 2
25 39 1
25 41 9
25 42 4
25 44 9
25 45 1
25 50 3
25 52 4
25 54 3
25 55 4
25 59 7
25 60 1
25 61 8
25 62 9
25 66 6
25 68 5
25 69 10
25 70 7
25 71 4
25 72 10
25 80 9
25 83 1
25 85 1
25 86 7
25 88 1
25 92 3
25 94 4
25 98 6
25 99 2
25 100 8
25 102 10
25 103 3
25 105 8
25 106 1
25 107 6
25 109 3
25 111 4
25 112 10
25 113 3
25 115 9
25 116 6
25 118 2
25 119 9
25 122 10
25 124 2
25 127 9
25 128 5
25 129 7
25 130 3
25 133 1
25 136 4
25 138 9
25 139 1
25 142 7
25 145 2
25 146 8
25 147 4
26 27 3
26 29 1
26 31 9
26 32 8
26 35 9
26 36 1
26 41 2
26 44 5
26 45 9
26 47 8
26 50 10
26 53 10
26 56 9
26 57 8
26 61 7
26 65 8
26 68 6
26 69 8
26 70 2
26 73 2
26 79 2
26 81 9
26 82 2
26 89 4
26 90 9
26 91 6
26 92 1
26 95 5
26 98 5
26 102 6
26 103 6
26 105 9
26 107 10
26 108 3
26 109 10
26 112 9
26 114 9
26 116 5
26 122 10
26 125 6
26 128 1
26 131 4
26 133 7
26 134 9
26 147 10
26 148 3
27 28 4
27 29 8
27 31 5
27 32 1
27 34 3
27 36 1
27 37 8
27 39 7
27 40 7
27 41 1
27 42 1
27 46 10
27 48 8
27 50 8
27 51 5
27 52 3
27 53 7
27 55 5
27 57 9
27 58 3
27 59 8
27 60 3
27 61 6
27 62 10
27 68 5
27 70 4
27 76 6
27 79 5
27 81 1
27 84 7
27 86 8
27 87 4
27 89 2
27 92 3
27 95 4
27 96 4
27 100 6
27 101 2
27 109 1
27 110 4
27 111 8
27 112 9
27 113 4
27 117 3
27 118 2
27 119 2
27 121 9
27 122 3
27 130 6
27 132 9
27 134 8
27 135 5
27 137 4
27 138 2
27 140 8
27 142 7
27 143 4
27 147 1
28 31 2
28 35 2
28 36 8
28 40 6
28 43 9
28 44 9
28 47 9
28 48 8
28 50 4
28 51 6
28 57 7
28 59 10
28 60 10
28 61 3
28 63 10
28 64 6
28 65 8
28 67 10
28 70 5
28 71 3
28 73 4
28 76 10
28 77 9
28 78 3
28 79 9
28 80 9
28 81 10
28 83 7
28 85 6
28 88 5
28 89 7
28 90 2
28 92 10
28 96 10
28 98 6
28 100 9
28 101 2
28 102 5
28 104 9
28 106 6
28 112 2
28 114 4
28 115 8
28 118 4
28 119 7
28 121 10
28 127 6
28 129 5
28 130 9
28 135 10
28 136 10
28 137 8
28 138 8
28 139 7
28 140 2
28 141 7
28 142 5
28 144 6
28 145 9
28 146 3
28 147 2
28 149 1
29 34 3
29 36 4
29 38 1
29 42 10
29 45 10
29 47 6
29 48 1
29 51 2
29 52 8
29 53 2
29 55 6
29 56 2
29 57 1
29 59 3
29 60 3
29 63 6
29 64 1
29 65 3
29 66 10
29 68 5
29 69 7
29 71 3
29 73 3
29 75 8
29 76 1
29 77 7
29 81 4
29 84 4
29 85 3
29 86 9
29 89 8
29 94 7
29 96 8
29 98 7
29 99 6
29 101 1
29 102 8
29 103 10
29 104 10
29 107 2
29 108 8
29 109 9
29 110 1
29 112 6
29 115 10
29 116 3
29 117 1
29 124 9
29 125 4
29 127 5
29 130 5
29 135 3
29 136 4
29 137 3
29 138 1
29 140 4
29 142 9
29 143 4
29 147 2
29 148 8
30 32 1
30 33 7
30 34 1
30 36 4
30 38 5
30 39 9
30 40 9
30 43 10
30 45 3
30 46 2
30 48 4
30 49 9
30 50 2
30 56 7
30 58 9
30 59 5
30 60 9
30 61 6
30 65 2
30 67 5
30 68 9
30 69 3
30 71 2
30 72 6
30 73 5
30 74 5
30 75 2
30 76 6
30 85 6
30 86 3
30 89 7
30 90 4
30 93 9
30 94 10
30 95 10
30 96 6
30 97 8
30 98 8
30 101 7
30 102 2
30 106 1
30 107 2
30 108 10
30 111 9
30 113 9
30 115 8
30 118 3
30 119 6
30 120 1
30 121 3
30 122 2
30 135 7
30 136 9
30 138 4
30 139 6
30 140 8
30 144 8
30 145 8
30 148 9
31 32 10
31 33 4
31 36 7
31 38 9
31 39 3
31 41 8
31 45 3
31 46 7
31 49 9
31 50 4
31 51 1
31 53 5
31 54 9
31 61 1
31 62 9
31 64 6
31 68 3
31 71 8
31 72 5
31 74 9
31 76 3
31 79 3
31 81 7
31 84 4
31 86 10
31 87 1
31 89 5
31 91 1
31 93 10
31 94 1
31 96 10
31 97 3
31 98 5
31 100 7
31 102 10
31 103 5
31 104 1
31 106 6
31 107 8
31 108 9
31 109 5
31 110 8
31 111 1
31 112 1
31 114 10
31 116 9
31 117 8
31 123 9
31 126 3
31 128 8
31 130 7
31 132 9
31 133 1
31 134 8
31 137 1
31 138 2
31 139 9
31 142 8
31 145 10
31 147 4
31 149 8
32 35 7
32 36 5
32 38 6
32 39 7
32 41 7
32 45 5
32 46 10
32 47 1
32 48 9
32 49 2
32 50 6
32 52 3
32 53 1
32 55 1
32 58 7
32 59 9
32 60 9
32 65 1
32 66 7
32 67 3
32 68 7
32 71 8
32 72 9
32 74 3
32 75 6
32 76 2
32 79 9
32 80 4
32 81 6
32 83 3
32 85 5
32 88 3
32 89 5
32 92 2
32 93 6
32 96 6
32 103 7
32 104 4
32 107 4
32 108 6
32 109 2
32 110 1
32 111 1
32 114 2
32 115 3
32 116 5
32 119 6
32 120 5
32 121 2
32 122 9
32 123 1
32 124 9
32 125 1
32 126 10
32 128 5
32 129 5
32 131 9
32 132 7
32 133 3
32 134 6
32 135 1
32 140 7
32 143 8
32 145 3
32 146 10
32 149 3
33 35 2
33 36 7
33 37 10
33 39 9
33 40 10
33 41 2
33 44 3
33 45 10
33 46 6
33 47 7
33 48 9
33 51 1
33 53 2
33 56 8
33 58 1
33 59 2
33 60 4
33 64 1
33 66 9
33 68 8
33 70 1
33 71 2
33 75 8
33 77 10
33 78 10
33 80 1
33 83 7
33 85 1
33 88 3
33 89 7
33 91 2
33 92 8
33 93 10
33 94 4
33 96 4
33 97 7
33 99 9
33 101 4
33 102 1
33 103 2
33 104 7
33 109 9
33 113 4
33 114 5
33 119 6
33 120 2
33 122 8
33 123 3
33 125 2
33 126 5
33 127 3
33 129 9
33 130 9
33 131 1
33 133 6
33 137 6
33 138 9
33 139 5
33 140 9
33 141 8
33 142 6
33 144 3
33 145 9
33 146 2
33 149 8
34 38 6
34 40 6
34 43 1
34 45 6
34 47 8
34 49 9
34 51 4
34 52 10
34 53 9
34 59 6
34 60 9
34 62 9
34 64 5
34 65 2
34 67 4
34 69 9
34 72 1
34 73 4
34 76 10
34 77 3
34 78 8
34 79 1
34 82 10
34 85 7
34 87 10
34 89 5
34 91 9
34 92 1
34 94 5
34 95 5
34 98 6
34 99 3
34 100 4
34 101 8
34 102 6
34 104 4
34 105 9
34 106 1
34 108 10
34 109 3
34 111 7
34 115 7
34 118 7
34 120 9
34 121 2
34 127 5
34 128 7
34 129 5
34 131 2
34 134 6
34 138 6
34 139 5
34 140 8
34 141 3
34 142 4
34 144 6
34 146 2
34 147 2
35 38 8
35 44 4
35 47 10
35 48 10
35 50 3
35 52 8
35 55 7
35 58 8
35 60 2
35 61 9
35 62 9
35 64 1
35 66 1
35 67 4
35 69 4
35 70 6
35 73 7
35 74 8
35 75 3
35 76 2
35 77 10
35 79 5
35 80 7
35 81 5
35 84 6
35 85 10
35 87 8
35 89 6
35 92 4
35 93 8
35 95 2
35 97 6
35 99 3
35 100 3
35 101 10
35 103 5
35 104 3
35 108 8
35 109 7
35 110 6
35 112 8
35 113 7
35 116 2
35 117 10
35 122 4
35 124 10
35 125 2
35 126 8
35 127 4
35 129 10
35 131 6
35 132 5
35 134 5
35 136 9
35 139 3
35 140 8
35 141 7
35 144 7
35 146 3
35 147 9
35 148 2
36 39 8
36 42 2
36 43 5
36 45 10
36 46 10
36 49 6
36 51 3
36 53 6
36 54 4
36 56 10
36 57 10
36 58 5
36 59 3
36 60 8
36 62 3
36 70 9
36 72 10
36 73 7
36 76 2
36 77 7
36 81 2
36 82 1
36 83 4
36 86 1
36 88 5
36 89 6
36 93 6
36 96 3
36 99 8
36 102 6
36 105 9
36 106 6
36 111 4
36 112 10
36 113 2
36 117 6
36 119 6
36 120 5
36 123 4
36 125 10
36 126 4
36 128 4
36 130 9
36 134 6
36 136 7
36 137 1
36 138 1
36 139 6
36 141 2
36 142 9
36 143 6
36 147 2
37 39 7
37 40 10
37 41 4
37 42 1
37 43 5
37 44 9
37 46 3
37 47 3
37 55 9
37 57 10
37 60 6
37 65 9
37 66 7
37 67 5
37 68 9
37 70 10
37 71 7
37 73 9
37 75 4
37 77 10
37 79 2
37 83 3
37 84 2
37 85 2
37 86 3
37 89 10
37 90 10
37 91 10
37 96 3
37 97 6
37 98 9
37 99 7
37 101 3
37 105 10
37 106 9
37 111 3
37 113 9
37 115 5
37 116 10
37 118 8
37 120 5
37 121 6
37 122 8
37 124 1
37 125 7
37 128 6
37 130 1
37 132 5
37 133 2
37 134 8
37 136 4
37 141 7
37 142 5
37 144 7
37 148 7
38 39 10
38 40 5
38 41 2
38 47 5
38 48 6
38 51 1
38 52 10
38 53 9
38 54 1
38 55 7
38 56 10
38 58 6
38 59 6
38 61 2
38 66 4
38 70 1
38 74 8
38 76 5
38 79 2
38 80 9
38 84 7
38 85 3
38 89 3
38 90 5
38 92 1
38 96 4
38 97 8
38 100 6
38 101 4
38 102 1
38 104 7
38 106 3
38 107 8
38 109 9
38 112 4
38 113 8
38 114 1
38 115 9
38 120 3
38 124 9
38 126 8
38 129 9
38 131 3
38 133 6
38 137 9
38 139 2
38 140 8
38 145 6
39 40 10
39 41 4
39 42 5
39 43 4
39 44 10
39 45 6
39 47 1
39 48 6
39 49 10
39 53 8
39 54 9
39 55 8
39 57 3
39 62 4
39 67 1
39 69 10
39 72 1
39 76 3
39 77 6
39 78 9
39 81 5
39 83 3
39 85 5
39 86 9
39 87 1
39 88 1
39 89 2
39 90 7
39 91 9
39 92 5
39 93 2
39 96 6
39 97 9
39 98 9
39 99 5
39 101 10
39 102 6
39 103 3
39 105 8
39 106 2
39 107 10
39 108 6
39 110 7
39 111 2
39 112 7
39 113 3
39 119 7
39 126 8
39 127 5
39 130 4
39 131 9
39 134 9
39 135 5
39 136 3
39 140 8
39 145 4
39 146 5
39 147 1
39 148 4
39 149 1
40 41 7
40 44 4
40 45 1
40 48 10
40 52 6
40 53 5
40 57 2
40 58 8
40 62 7
40 65 4
40 67 8
40 70 1
40 72 4
40 75 2
40 77 5
40 78 2
40 81 7
40 82 6
40 84 5
40 89 2
40 90 4
40 91 3
40 93 7
40 95 7
40 97 10
40 100 2
40 102 5
40 104 8
40 105 1
40 106 5
40 108 10
40 109 3
40 110 2
40 111 10
40 113 1
40 116 2
40 119 1
40 121 9
40 122 2
40 123 5
40 124 5
40 127 7
40 128 2
40 129 3
40 132 10
40 135 4
40 136 3
40 137 4
40 139 10
40 140 1
40 142 7
40 144 8
40 145 6
40 148 1
40 149 7
41 44 4
41 45 8
41 46 9
41 50 5
41 52 6
41 54 4
41 58 10
41 59 4
41 61 1
41 66 2
41 67 6
41 69 9
41 70 7
41 73 5
41 76 5
41 77 4
41 78 7
41 80 6
41 82 9
41 84 6
41 87 7
41 88 8
41 93 4
41 94 1
41 95 4
41 96 3
41 100 8
41 101 2
41 104 8
41 105 6
41 106 7
41 108 3
41 109 7
41 110 4
41 112 1
41 113 6
41 115 8
41 117 6
41 120 10
41 121 10
41 122 10
41 124 9
41 125 10
41 128 2
41 129 4
41 131 2
41 133 5
41 136 3
41 137 1
41 138 8
41 139 7
41 143 3
41 145 8
41 146 2
41 148 9
42 43 10
42 47 3
42 51 9
42 54 5
42 55 2
42 56 10
42 58 9
42 63 1
42 64 4
42 66 10
42 70 10
42 71 8
42 72 7
42 73 7
42 74 1
42 75 1
42 76 8
42 77 5
42 78 9
42 85 1
42 87 8
42 94 9
42 95 8
42 99 5
42 100 4
42 103 10
42 104 5
42 105 6
42 107 4
42 108 8
42 109 5
42 111 9
42 112 8
42 113 1
42 116 5
42 117 7
42 118 9
42 120 10
42 124 4
42 125 9
42 127 2
42 128 7
42 130 5
42 134 10
42 140 9
42 141 5
42 146 9
42 149 9
43 46 3
43 48 8
43 51 10
43 54 2
43 55 2
43 58 9
43 59 9
43 60 3
43 61 5
43 65 5
43 66 8
43 69 9
43 70 5
43 73 2
43 74 2
43 76 2
43 79 1
43 81 10
43 82 1
43 84 7
43 85 3
43 88 10
43 91 2
43 94 3
43 95 5
43 97 8
43 99 9
43 101 2
43 102 1
43 103 3
43 104 8
43 106 8
43 107 2
43 110 1
43 111 2
43 113 5
43 115 8
43 119 6
43 122 1
43 127 10
43 128 1
43 129 4
43 130 6
43 133 8
43 135 1
43 136 6
43 140 5
43 141 9
43 142 10
43 143 6
43 144 6
43 147 4
44 46 10
44 49 8
44 52 7
44 53 9
44 54 5
44 58 2
44 59 2
44 60 6
44 61 1
44 63 3
44 64 1
44 67 6
44 70 1
44 71 6
44 75 4
44 76 9
44 78 7
44 80 10
44 81 4
44 82 10
44 85 4
44 88 9
44 90 7
44 91 9
44 95 2
44 96 5
44 98 3
44 100 2
44 101 9
44 104 8
44 105 10
44 106 1
44 107 8
44 109 9
44 111 3
44 112 5
44 113 9
44 117 7
44 118 1
44 120 2
44 121 1
44 123 1
44 124 9
44 125 1
44 131 9
44 134 7
44 136 1
44 140 7
44 143 2
44 144 10
44 148 5
45 46 10
45 48 9
45 49 5
45 51 2
45 53 6
45 56 5
45 57 5
45 59 2
45 62 1
45 63 8
45 65 1
45 66 10
45 67 6
45 71 10
45 72 9
45 75 7
45 77 3
45 78 4
45 81 10
45 83 9
45 84 10
45 85 6
45 86 5
45 91 1
45 94 5
45 98 1
45 99 9
45 101 9
45 102 5
45 104 1
45 106 2
45 108 10
45 109 4
45 110 7
45 114 8
45 116 3
45 117 7
45 118 8
45 120 7
45 121 1
45 122 6
45 123 8
45 125 4
45 129 6
45 135 9
45 137 2
45 138 7
45 140 8
45 142 4
45 143 9
45 145 10
45 149 4
46 49 6
46 50 5
46 51 4
46 53 6
46 54 10
46 56 9
46 59 8
46 60 6
46 62 4
46 66 7
46 67 5
46 68 7
46 70 10
46 71 5
46 72 3
46 75 8
46 76 8
46 77 9
46 78 1
46 81 2
46 86 9
46 87 1
46 88 4
46 89 4
46 90 2
46 91 8
46 92 10
46 94 2
46 95 1
46 96 7
46 97 5
46 99 4
46 100 7
46 102 8
46 103 8
46 104 9
46 105 6
46 106 2
46 107 5
46 110 6
46 112 3
46 113 3
46 117 9
46 120 6
46 124 1
46 126 9
46 127 10
46 129 3
46 130 7
46 131 4
46 134 7
46 136 6
46 137 3
46 139 2
46 141 4
46 143 8
46 144 1
46 148 1
46 149 2
47 49 3
47 50 1
47 51 6
47 52 4
47 55 1
47 57 7
47 60 4
47 63 1
47 65 3
47 67 7
47 68 5
47 69 4
47 72 2
47 75 5
47 76 3
47 78 3
47 82 5
47 83 9
47 84 10
47 86 8
47 89 1
47 91 3
47 92 6
47 93 1
47 94 6
47 97 7
47 100 3
47 101 3
47 103 3
47 104 1
47 105 3
47 107 2
47 113 6
47 115 4
47 119 7
47 120 1
47 121 2
47 123 3
47 124 6
47 125 4
47 126 5
47 128 4
47 129 5
47 134 9
47 135 4
47 141 5
47 144 6
47 147 3
47 149 1
48 49 7
48 50 10
48 52 4
48 53 7
48 54 7
48 55 10
48 63 10
48 64 7
48 65 6
48 68 8
48 69 6
48 70 10
48 75 2
48 77 8
48 79 6
48 81 8
48 82 1
48 83 6
48 84 9
48 85 10
48 88 8
48 91 2
48 92 2
48 95 6
48 96 9
48 97 6
48 98 9
48 103 7
48 105 6
48 106 7
48 107 6
48 111 9
48 112 6
48 115 8
48 117 8
48 119 5
48 120 3
48 121 2
48 122 9
48 126 5
48 127 4
48 130 1
48 132 5
48 134 5
48 135 8
48 136 4
48 137 6
48 138 6
48 139 10
48 141 6
48 142 10
48 143 3
48 147 2
48 148 7
48 149 7
49 50 2
49 52 5
49 54 1
49 56 8
49 58 9
49 59 7
49 61 5
49 63 2
49 65 5
49 66 9
49 67 5
49 69 9
49 70 4
49 71 7
49 73 6
49 76 1
49 78 3
49 81 6
49 84 7
49 87 3
49 90 3
49 91 4
49 93 4
49 94 3
49 95 7
49 97 1
49 98 5
49 99 1
49 101 4
49 102 1
49 103 6
49 104 2
49 107 4
49 109 3
49 111 6
49 112 10
49 116 5
49 118 1
49 119 9
49 120 10
49 124 3
49 125 8
49 127 8
49 128 7
49 129 9
49 130 10
49 131 2
49 134 4
49 136 10
49 137 9
49 139 2
49 140 3
49 145 4
49 148 8
49 149 8
50 53 10
50 55 6
50 56 5
50 57 4
50 59 4
50 61 7
50 63 6
50 64 1
50 65 2
50 66 7
50 67 9
50 69 4
50 73 9
50 74 3
50 75 7
50 76 5
50 77 6
50 78 6
50 82 9
50 86 10
50 87 8
50 90 1
50 92 6
50 95 6
50 97 6
50 98 7
50 99 6
50 104 9
50 105 10
50 107 7
50 108 5
50 110 6
50 112 7
50 113 6
50 114 10
50 116 5
50 117 10
50 120 10
50 122 10
50 124 8
50 125 8
50 127 6
50 129 8
50 130 2
50 134 1
50 137 1
50 142 3
50 146 4
50 147 2
50 148 3
51 52 4
51 53 4
51 54 2
51 56 2
51 57 2
51 58 9
51 61 10
51 63 5
51 64 6
51 65 4
51 66 4
51 68 10
51 70 6
51 72 2
51 73 10
51 74 3
51 75 7
51 78 5
51 81 10
51 82 1
51 84 8
51 88 8
51 89 9
51 91 8
51 94 4
51 95 7
51 102 7
51 104 8
51 105 6
51 107 3
51 109 5
51 111 5
51 112 10
51 113 8
51 114 6
51 116 10
51 117 4
51 119 2
51 120 8
51 122 5
51 123 4
51 128 3
51 131 10
51 139 2
51 141 8
51 143 6
51 145 7
51 148 9
52 53 4
52 55 3
52 56 5
52 58 5
52 59 7
52 65 4
52 66 1
52 70 7
52 71 3
52 79 7
52 83 9
52 84 2
52 85 4
52 89 8
52 90 5
52 92 10
52 93 10
52 94 3
52 102 1
52 103 4
52 105 4
52 109 3
52 110 6
52 111 2
52 115 2
52 122 9
52 124 2
52 125 9
52 126 8
52 127 2
52 128 10
52 129 2
52 131 3
52 133 2
52 135 10
52 137 8
52 139 5
52 142 4
52 143 10
52 144 9
52 148 2
53 54 7
53 55 5
53 56 1
53 57 5
53 58 6
53 61 6
53 63 8
53 64 2
53 65 10
53 66 9
53 72 10
53 73 8
53 74 9
53 75 9
53 76 10
53 83 4
53 84 4
53 86 10
53 87 1
53 88 8
53 92 4
53 96 2
53 97 1
53 99 1
53 100 6
53 101 5
53 102 2
53 107 1
53 111 1
53 112 1
53 114 1
53 117 1
53 121 5
53 122 2
53 123 8
53 124 6
53 125 5
53 127 6
53 130 2
53 131 8
53 133 7
53 134 5
53 137 1
53 138 10
53 140 1
53 141 4
53 143 5
54 55 6
54 56 10
54 60 5
54 63 8
54 67 2
54 68 10
54 71 7
54 74 6
54 78 2
54 83 7
54 84 2
54 86 2
54 87 9
54 88 7
54 90 6
54 91 5
54 92 6
54 95 8
54 97 7
54 99 9
54 102 8
54 103 4
54 104 10
54 106 9
54 108 3
54 112 10
54 114 10
54 116 3
54 120 1
54 121 2
54 122 3
54 123 9
54 124 5
54 125 5
54 127 5
54 128 8
54 131 5
54 132 6
54 134 8
54 135 10
54 136 1
54 140 2
54 141 7
54 142 2
54 143 10
54 144 9
54 145 1
54 146 1
54 149 8
55 56 7
55 57 6
55 59 3
55 61 1
55 62 5
55 63 5
55 64 6
55 66 6
55 68 10
55 71 6
55 74 5
55 75 9
55 79 4
55 81 10
55 82 2
55 83 1
55 84 4
55 89 10
55 92 6
55 95 5
55 96 10
55 97 2
55 98 8
55 99 9
55 100 9
55 103 10
55 106 6
55 109 4
55 110 8
55 111 3
55 112 4
55 113 7
55 114 2
55 115 7
55 118 7
55 121 10
55 124 5
55 125 8
55 133 4
55 134 1
55 135 2
55 140 9
55 143 3
55 144 2
55 145 1
55 147 6
55 148 6
55 149 2
56 58 5
56 60 6
56 61 2
56 62 3
56 63 4
56 64 2
56 65 5
56 67 4
56 71 9
56 72 1
56 82 6
56 85 6
56 86 1
56 88 3
56 89 5
56 91 7
56 92 8
56 93 6
56 94 7
56 96 10
56 97 2
56 100 1
56 101 10
56 102 1
56 104 3
56 105 10
56 106 2
56 107 1
56 108 1
56 109 2
56 111 3
56 112 2
56 118 2
56 119 10
56 121 9
56 122 8
56 127 2
56 128 7
56 132 3
56 133 2
56 134 10
56 137 4
56 139 7
56 140 1
56 142 1
56 143 9
56 145 6
56 147 10
56 149 8
57 58 1
57 60 6
57 62 7
57 64 2
57 65 4
57 67 7
57 68 4
57 69 10
57 72 9
57 73 7
57 74 3
57 75 7
57 78 5
57 79 3
57 81 4
57 82 6
57 87 9
57 92 8
57 93 1
57 96 4
57 99 7
57 100 5
57 104 2
57 105 10
57 112 7
57 113 10
57 114 8
57 115 10
57 116 1
57 119 3
57 121 10
57 122 2
57 126 6
57 127 3
57 130 6
57 134 9
57 135 5
57 136 5
57 138 9
57 139 4
57 141 6
57 142 1
57 144 4
58 62 5
58 63 1
58 69 5
58 70 10
58 73 7
58 74 7
58 77 4
58 78 7
58 80 4
58 81 4
58 82 10
58 86 1
58 87 8
58 88 8
58 89 4
58 90 8
58 92 8
58 95 7
58 96 2
58 98 8
58 101 9
58 102 9
58 103 7
58 106 1
58 109 3
58 110 4
58 112 6
58 113 2
58 114 9
58 116 9
58 117 6
58 119 2
58 121 10
58 124 10
58 126 5
58 127 6
58 128 6
58 130 3
58 135 7
58 140 5
58 141 6
58 142 9
58 144 9
58 147 8
58 148 5
58 149 3
59 71 4
59 73 9
59 76 5
59 78 6
59 79 8
59 81 5
59 83 5
59 84 9
59 86 10
59 89 2
59 92 4
59 93 8
59 95 9
59 96 8
59 97 8
59 99 1
59 100 8
59 101 4
59 102 9
59 103 10
59 104 8
59 105 3
59 106 7
59 107 9
59 108 3
59 109 1
59 111 3
59 112 1
59 113 3
59 114 8
59 115 5
59 116 4
59 117 2
59 118 2
59 120 10
59 121 3
59 124 1
59 126 6
59 127 7
59 128 3
59 129 8
59 130 1
59 131 2
59 132 9
59 133 9
59 135 4
59 138 7
59 141 4
59 142 3
59 143 9
59 145 2
59 147 9
60 62 8
60 64 2
60 65 3
60 66 9
60 68 4
60 70 3
60 72 3
60 75 7
60 76 2
60 80 8
60 83 9
60 84 6
60 85 4
60 86 8
60 88 7
60 89 8
60 92 8
60 94 7
60 95 1
60 97 5
60 98 7
60 100 7
60 101 1
60 103 7
60 106 2
60 107 7
60 110 8
60 117 1
60 118 2
60 122 8
60 125 8
60 126 8
60 129 4
60 130 7
60 132 6
60 133 1
60 134 4
60 135 5
60 137 8
60 138 2
60 140 7
60 142 10
60 143 8
60 144 9
60 145 3
60 148 1
60 149 1
61 63 5
61 66 6
61 72 2
61 73 7
61 74 1
61 75 1
61 77 3
61 80 5
61 85 1
61 87 8
61 91 4
61 93 5
61 95 4
61 97 8
61 98 3
61 101 10
61 102 5
61 103 3
61 104 8
61 105 5
61 106 10
61 107 1
61 109 8
61 112 6
61 113 8
61 114 6
61 115 5
61 116 5
61 118 9
61 119 7
61 123 4
61 124 10
61 125 10
61 126 6
61 127 3
61 128 3
61 129 7
61 137 10
61 138 4
61 139 6
61 140 8
61 142 1
61 143 4
61 145 1
61 146 10
61 148 3
62 64 7
62 65 4
62 66 10
62 68 10
62 71 9
62 72 6
62 76 9
62 79 9
62 80 4
62 81 7
62 82 5
62 84 4
62 86 4
62 89 3
62 90 5
62 92 9
62 93 5
62 95 8
62 96 1
62 97 3
62 100 6
62 103 7
62 104 6
62 105 2
62 106 2
62 107 4
62 110 4
62 114 7
62 115 9
62 116 6
62 119 8
62 124 9
62 128 4
62 129 3
62 130 6
62 132 9
62 133 4
62 134 8
62 135 2
62 136 2
62 138 1
62 141 2
62 143 10
62 144 9
62 146 3
62 147 10
62 148 1
62 149 2
63 64 6
63 65 1
63 68 2
63 69 7
63 70 10
63 71 2
63 74 8
63 76 10
63 77 7
63 80 9
63 82 1
63 84 6
63 86 7
63 87 6
63 95 2
63 96 2
63 99 3
63 100 3
63 101 10
63 104 8
63 105 1
63 107 6
63 110 7
63 111 5
63 117 7
63 118 1
63 119 6
63 121 1
63 126 6
63 127 7
63 128 2
63 129 10
63 132 5
63 133 8
63 134 7
63 137 9
63 138 7
63 139 2
63 141 2
63 142 10
63 146 9
63 148 5
63 149 2
64 65 3
64 66 5
64 68 8
64 70 5
64 71 4
64 72 3
64 74 10
64 75 9
64 76 9
64 77 7
64 79 9
64 80 10
64 86 1
64 87 4
64 88 4
64 89 7
64 90 8
64 91 3
64 92 7
64 95 5
64 102 1
64 103 1
64 106 3
64 107 5
64 110 8
64 113 5
64 114 7
64 115 9
64 117 3
64 122 2
64 124 7
64 125 4
64 128 2
64 129 8
64 131 5
64 133 2
64 135 7
64 138 3
64 139 3
64 141 10
64 144 2
64 145 4
64 148 4
65 66 1
65 72 2
65 73 6
65 75 10
65 76 10
65 78 5
65 80 10
65 81 6
65 83 6
65 85 5
65 86 2
65 87 9
65 89 1
65 90 5
65 92 7
65 93 7
65 95 2
65 97 6
65 98 3
65 99 6
65 101 3
65 102 7
65 105 7
65 106 4
65 107 1
65 109 4
65 115 8
65 116 1
65 117 2
65 118 7
65 119 5
65 124 8
65 127 4
65 129 8
65 132 6
65 135 2
65 136 1
65 139 10
65 141 1
65 143 4
65 145 8
65 147 2
65 149 3
66 70 9
66 71 10
66 75 2
66 76 4
66 78 10
66 79 2
66 80 9
66 82 10
66 83 3
66 86 5
66 89 8
66 90 7
66 91 2
66 93 4
66 95 3
66 96 5
66 98 7
66 100 10
66 103 9
66 104 9
66 105 4
66 106 9
66 108 1
66 109 6
66 112 2
66 113 6
66 114 5
66 115 8
66 117 7
66 124 5
66 125 10
66 126 3
66 127 4
66 131 8
66 132 7
66 133 4
66 134 9
66 136 5
66 137 4
66 139 5
66 143 1
66 144 9
66 145 1
66 146 4
66 147 1
66 149 2
67 68 3
67 71 9
67 72 9
67 73 3
67 74 9
67 75 4
67 76 4
67 77 1
67 78 10
67 79 10
67 82 5
67 83 9
67 84 6
67 85 7
67 88 4
67 92 6
67 100 3
67 103 1
67 105 2
67 106 4
67 109 1
67 111 3
67 114 5
67 117 5
67 121 8
67 122 6
67 123 3
67 124 6
67 125 4
67 126 9
67 131 6
67 132 7
67 138 8
67 139 1
67 141 8
67 142 2
67 146 5
68 69 3
68 70 7
68 71 8
68 72 2
68 74 10
68 75 2
68 77 6
68 78 1
68 79 8
68 83 5
68 84 4
68 86 3
68 88 9
68 89 10
68 90 7
68 91 1
68 92 10
68 94 6
68 96 10
68 98 2
68 99 2
68 100 5
68 106 7
68 107 4
68 112 6
68 114 7
68 115 1
68 116 4
68 117 9
68 119 5
68 120 1
68 121 5
68 122 2
68 123 10
68 124 8
68 127 1
68 131 9
68 132 5
68 135 8
68 136 10
68 138 10
68 140 4
68 141 6
68 142 6
68 146 6
69 72 2
69 73 7
69 79 4
69 80 3
69 82 4
69 86 4
69 90 6
69 94 2
69 95 1
69 97 10
69 98 9
69 101 5
69 102 9
69 103 6
69 106 3
69 109 3
69 110 5
69 113 3
69 114 1
69 117 7
69 118 4
69 123 5
69 124 7
69 126 3
69 127 6
69 129 9
69 131 5
69 132 1
69 133 3
69 135 5
69 137 2
69 141 4
69 142 9
69 143 4
69 144 7
69 145 9
69 147 7
69 149 1
70 71 5
70 73 10
70 76 7
70 78 6
70 83 10
70 84 9
70 85 1
70 86 9
70 92 5
70 93 9
70 94 6
70 95 1
70 96 1
70 97 3
70 101 10
70 104 10
70 107 7
70 110 1
70 111 4
70 112 9
70 116 1
70 117 10
70 118 4
70 120 6
70 121 7
70 123 3
70 125 1
70 126 5
70 133 6
70 134 4
70 135 5
70 140 2
70 142 6
70 146 3
70 147 6
70 148 9
71 72 3
71 73 9
71 76 3
71 77 3
71 79 9
71 83 10
71 84 8
71 85 3
71 87 7
71 88 1
71 91 2
71 98 3
71 101 9
71 106 9
71 107 9
71 108 4
71 109 2
71 113 5
71 114 9
71 118 3
71 119 1
71 123 3
71 124 7
71 129 2
71 130 10
71 132 7
71 133 8
71 136 9
71 137 2
71 139 4
71 144 6
71 146 1
71 149 2
72 74 8
72 76 4
72 78 1
72 80 2
72 84 6
72 86 7
72 87 2
72 88 5
72 94 3
72 98 2
72 100 5
72 102 2
72 104 10
72 105 9
72 111 1
72 112 1
72 113 3
72 115 3
72 116 5
72 117 1
72 120 10
72 125 7
72 127 6
72 130 5
72 132 7
72 133 3
72 139 8
72 140 7
72 141 6
72 142 9
72 146 5
73 77 9
73 79 3
73 80 7
73 81 8
73 82 2
73 85 10
73 88 4
73 91 7
73 92 3
73 94 10
73 96 10
73 97 7
73 100 7
73 102 10
73 106 6
73 111 1
73 115 9
73 117 10
73 120 9
73 121 2
73 122 1
73 123 10
73 126 10
73 129 5
73 131 8
73 133 9
73 134 3
73 139 3
73 144 2
73 146 9
73 147 5
73 149 8
74 75 9
74 76 3
74 80 2
74 81 9
74 82 9
74 84 4
74 85 1
74 86 10
74 88 3
74 89 2
74 90 1
74 91 7
74 94 10
74 98 9
74 99 8
74 103 10
74 104 9
74 106 9
74 107 3
74 109 6
74 110 7
74 111 7
74 113 3
74 115 3
74 116 8
74 117 4
74 119 7
74 120 5
74 121 2
74 123 2
74 124 3
74 126 3
74 128 10
74 130 3
74 137 9
74 139 3
74 140 2
74 146 2
74 147 6
74 148 9
75 76 8
75 77 8
75 78 5
75 80 2
75 84 4
75 87 3
75 91 1
75 92 7
75 96 2
75 99 8
75 100 4
75 101 8
75 102 1
75 105 7
75 106 4
75 109 9
75 112 10
75 115 3
75 120 10
75 127 2
75 139 2
75 140 5
75 144 2
75 145 9
75 146 7
75 147 2
75 149 7
76 79 2
76 80 3
76 81 7
76 82 3
76 85 9
76 86 7
76 90 3
76 91 2
76 93 2
76 94 10
76 96 8
76 97 6
76 98 4
76 100 10
76 101 9
76 102 5
76 103 1
76 104 6
76 106 6
76 107 8
76 108 8
76 109 10
76 111 10
76 112 6
76 113 4
76 114 3
76 115 2
76 117 6
76 118 4
76 120 3
76 121 2
76 122 10
76 123 5
76 125 1
76 126 9
76 127 10
76 128 2
76 131 9
76 132 7
76 133 2
76 135 9
76 136 9
76 140 7
76 146 6
76 147 3
76 148 5
76 149 5
77 78 7
77 81 10
77 83 7
77 86 4
77 87 7
77 88 10
77 90 9
77 91 8
77 93 6
77 97 3
77 99 10
77 104 4
77 108 2
77 109 7
77 110 6
77 113 3
77 115 1
77 116 6
77 117 4
77 118 1
77 120 1
77 121 8
77 122 9
77 125 4
77 126 2
77 127 10
77 128 5
77 129 1
77 130 10
77 131 8
77 132 7
77 133 2
77 135 6
77 136 2
77 138 8
77 139 9
77 141 3
77 142 10
77 143 7
77 144 1
77 147 7
77 149 7
78 81 8
78 83 8
78 84 8
78 86 5
78 88 9
78 92 10
78 95 3
78 97 2
78 100 7
78 102 3
78 103 2
78 105 5
78 111 10
78 114 7
78 115 4
78 118 9
78 121 2
78 122 7
78 127 2
78 131 8
78 133 3
78 135 8
78 136 3
78 137 6
78 138 6
78 139 1
78 143 10
78 146 9
78 147 9
79 80 2
79 81 9
79 82 7
79 83 5
79 84 7
79 87 7
79 90 1
79 93 10
79 94 10
79 96 8
79 97 2
79 101 2
79 103 9
79 104 9
79 107 6
79 109 6
79 115 10
79 117 6
79 123 9
79 124 9
79 128 10
79 129 8
79 131 1
79 133 2
79 134 5
79 135 2
79 137 7
79 138 3
79 141 7
79 142 1
79 143 8
79 144 1
79 146 8
79 147 3
79 148 6
80 82 2
80 87 5
80 88 4
80 92 2
80 93 1
80 94 6
80 95 5
80 97 9
80 100 6
80 102 5
80 104 1
80 105 5
80 107 6
80 108 1
80 109 8
80 110 2
80 111 2
80 114 10
80 116 5
80 117 1
80 120 2
80 122 6
80 123 3
80 124 10
80 126 9
80 128 5
80 131 3
80 132 3
80 133 7
80 134 1
80 136 10
80 138 1
80 143 2
80 147 6
80 149 6
81 83 7
81 84 4
81 90 6
81 91 4
81 93 8
81 95 5
81 96 9
81 99 4
81 100 9
81 103 7
81 104 3
81 106 3
81 107 1
81 108 7
81 109 3
81 111 10
81 113 2
81 116 4
81 117 6
81 118 1
81 122 2
81 124 1
81 129 9
81 130 8
81 132 7
81 136 1
81 137 2
81 141 3
81 142 9
81 146 7
81 148 6
81 149 6
82 85 3
82 86 1
82 88 3
82 91 7
82 94 10
82 95 1
82 96 7
82 97 10
82 100 10
82 101 3
82 105 2
82 106 7
82 107 6
82 110 1
82 111 3
82 113 8
82 116 6
82 125 4
82 126 1
82 130 9
82 131 5
82 133 1
82 134 2
82 139 8
82 140 8
82 143 8
82 146 1
82 147 6
82 148 6
83 85 6
83 86 3
83 88 5
83 91 3
83 94 2
83 95 4
83 100 7
83 101 2
83 103 7
83 104 7
83 105 5
83 106 1
83 107 2
83 112 3
83 113 4
83 115 6
83 117 2
83 119 5
83 122 1
83 123 1
83 124 1
83 126 9
83 132 8
83 138 2
83 140 6
83 141 4
83 143 8
83 146 10
83 147 3
83 149 6
84 85 5
84 87 2
84 89 6
84 94 4
84 95 5
84 96 8
84 98 6
84 99 3
84 100 10
84 101 8
84 102 7
84 104 4
84 105 2
84 106 2
84 109 9
84 110 8
84 112 2
84 114 6
84 117 7
84 118 7
84 121 3
84 124 7
84 130 7
84 132 9
84 134 6
84 135 4
84 136 6
84 137 2
84 138 8
84 139 1
84 140 4
84 141 6
84 144 7
84 145 9
85 86 4
85 87 3
85 88 8
85 90 2
85 92 4
85 93 7
85 94 10
85 95 6
85 96 4
85 98 5
85 99 10
85 101 7
85 103 8
85 104 3
85 105 2
85 106 4
85 110 3
85 112 5
85 113 4
85 114 8
85 115 7
85 120 7
85 122 7
85 124 2
85 126 7
85 127 1
85 128 2
85 129 10
85 131 5
85 133 3
85 135 3
85 136 8
85 139 8
85 142 10
85 147 1
85 148 7
85 149 7
86 87 9
86 89 9
86 91 5
86 93 7
86 94 9
86 96 4
86 97 5
86 99 6
86 100 4
86 102 1
86 104 7
86 105 1
86 106 5
86 110 8
86 112 2
86 118 10
86 119 9
86 120 8
86 124 6
86 125 5
86 126 10
86 127 2
86 130 6
86 133 8
86 134 3
86 140 10
86 143 1
86 144 9
86 147 8
86 148 3
87 88 7
87 89 10
87 90 4
87 91 9
87 92 6
87 93 7
87 94 9
87 95 5
87 96 7
87 99 3
87 103 2
87 104 4
87 105 7
87 106 1
87 108 5
87 111 4
87 112 9
87 114 9
87 115 9
87 116 8
87 117 7
87 121 1
87 124 8
87 126 3
87 131 2
87 134 10
87 137 8
87 138 5
87 145 1
87 148 9
87 149 5
88 89 3
88 92 6
88 95 2
88 96 10
88 98 9
88 99 9
88 101 8
88 102 10
88 104 9
88 106 5
88 111 8
88 116 3
88 117 2
88 119 7
88 120 1
88 122 8
88 123 4
88 124 7
88 126 7
88 127 4
88 128 8
88 129 8
88 131 1
88 133 2
88 134 5
88 137 8
88 138 4
88 139 1
88 142 4
88 145 3
88 148 6
89 91 4
89 92 10
89 93 9
89 95 4
89 97 2
89 98 7
89 99 10
89 100 5
89 103 8
89 104 2
89 106 3
89 108 8
89 110 4
89 112 1
89 113 3
89 114 3
89 117 9
89 118 3
89 121 8
89 124 10
89 126 4
89 131 9
89 133 1
89 135 2
89 136 8
89 137 8
89 140 5
89 144 10
89 145 4
89 146 3
89 147 4
89 149 8
90 91 10
90 93 1
90 95 1
90 96 3
90 97 5
90 98 10
90 99 8
90 103 8
90 106 7
90 107 5
90 111 7
90 113 2
90 115 5
90 116 1
90 117 10
90 119 10
90 121 7
90 122 4
90 123 8
90 124 10
90 125 3
90 127 6
90 132 7
90 134 5
90 137 7
90 139 5
90 140 3
90 143 2
90 145 8
90 147 9
90 149 5
91 93 4
91 96 10
91 97 8
91 99 3
91 100 2
91 101 7
91 102 5
91 103 10
91 105 5
91 106 3
91 107 5
91 109 6
91 114 7
91 116 8
91 118 4
91 119 1
91 122 1
91 123 6
91 124 3
91 125 5
91 126 1
91 131 8
91 132 1
91 133 7
91 138 2
91 140 1
91 141 8
91 142 10
91 143 1
91 148 4
91 149 6
92 94 5
92 95 7
92 96 3
92 98 1
92 99 6
92 100 6
92 105 7
92 106 7
92 107 3
92 110 4
92 111 9
92 116 5
92 117 2
92 118 9
92 119 4
92 122 7
92 125 10
92 127 6
92 128 9
92 130 9
92 131 10
92 133 9
92 134 10
92 135 6
92 138 2
92 139 7
92 140 1
92 143 7
92 144 3
92 145 1
92 148 8
92 149 7
93 97 6
93 98 6
93 99 7
93 100 7
93 101 3
93 102 10
93 103 1
93 106 2
93 107 4
93 110 9
93 111 8
93 113 8
93 114 7
93 117 8
93 120 1
93 121 1
93 123 5
93 124 1
93 125 8
93 126 1
93 128 10
93 129 6
93 130 9
93 131 4
93 132 4
93 133 3
93 134 7
93 140 5
93 141 8
93 142 10
93 148 7
93 149 5
94 95 7
94 96 7
94 98 1
94 101 7
94 102 4
94 103 6
94 104 2
94 105 2
94 112 8
94 115 2
94 119 4
94 120 8
94 121 3
94 124 6
94 126 1
94 133 8
94 136 7
94 139 10
94 140 1
94 142 7
94 143 8
94 145 9
94 147 1
94 148 3
95 97 7
95 99 2
95 101 1
95 102 7
95 106 3
95 107 1
95 109 10
95 110 8
95 111 10
95 113 9
95 114 3
95 115 7
95 117 6
95 118 2
95 119 2
95 120 4
95 124 8
95 125 7
95 126 9
95 128 7
95 130 10
95 131 4
95 132 1
95 133 5
95 136 6
95 138 7
95 139 6
95 140 8
95 141 1
95 144 10
95 147 3
95 148 1
96 97 6
96 98 10
96 102 2
96 104 2
96 105 4
96 106 5
96 107 2
96 110 5
96 111 10
96 112 4
96 113 5
96 114 3
96 117 6
96 120 7
96 121 6
96 123 1
96 126 2
96 128 7
96 129 4
96 130 1
96 133 8
96 134 6
96 135 6
96 138 3
96 139 10
96 140 7
96 141 3
96 142 7
96 143 6
96 147 3
96 148 1
96 149 4
97 99 3
97 100 8
97 103 7
97 104 7
97 106 1
97 107 2
97 109 3
97 110 8
97 112 1
97 113 9
97 114 2
97 115 1
97 117 7
97 118 2
97 119 2
97 120 4
97 129 5
97 131 2
97 134 6
97 137 3
97 138 2
97 141 1
97 143 10
97 145 6
97 146 9
97 147 5
97 148 7
97 149 9
98 100 6
98 101 4
98 105 9
98 108 6
98 110 7
98 112 9
98 115 1
98 117 1
98 118 10
98 120 4
98 122 3
98 125 4
98 127 10
98 128 9
98 131 7
98 132 5
98 138 8
98 139 2
98 141 10
98 143 5
98 144 3
98 146 5
98 147 2
98 148 2
99 100 8
99 105 1
99 107 1
99 110 8
99 111 1
99 113 2
99 115 4
99 120 1
99 122 4
99 125 6
99 126 2
99 127 5
99 128 5
99 129 7
99 130 1
99 133 2
99 137 5
99 140 10
99 141 1
99 143 10
99 144 9
99 148 2
100 102 3
100 103 1
100 106 10
100 107 8
100 108 6
100 109 4
100 110 2
100 111 8
100 113 4
100 114 8
100 115 8
100 117 2
100 118 3
100 121 10
100 123 1
100 126 4
100 131 10
100 132 4
100 134 10
100 135 3
100 137 4
100 138 1
100 139 5
100 140 9
100 141 5
100 143 6
100 149 7
101 102 8
101 107 7
101 112 5
101 115 9
101 116 9
101 117 4
101 120 4
101 121 5
101 124 3
101 125 5
101 133 5
101 136 10
101 137 2
101 138 2
101 139 8
101 142 9
101 143 3
101 144 1
101 145 2
101 146 6
101 148 7
102 107 5
102 110 8
102 111 10
102 112 7
102 113 9
102 114 1
102 116 10
102 117 4
102 119 6
102 120 6
102 121 8
102 122 7
102 124 1
102 126 8
102 128 2
102 132 8
102 135 1
102 138 6
102 142 10
102 143 1
102 144 7
102 146 3
102 148 2
102 149 9
103 105 4
103 109 3
103 110 5
103 111 2
103 112 3
103 113 4
103 114 5
103 116 6
103 117 5
103 119 6
103 121 10
103 122 2
103 123 1
103 124 2
103 125 7
103 126 4
103 127 9
103 129 1
103 130 4
103 138 8
103 140 8
103 141 4
103 144 8
103 145 5
103 146 3
104 106 2
104 110 5
104 111 7
104 114 8
104 115 9
104 118 3
104 119 2
104 121 9
104 122 10
104 124 10
104 129 5
104 131 7
104 132 3
104 133 3
104 134 7
104 135 7
104 136 4
104 138 4
104 140 8
104 141 2
104 143 8
104 145 8
104 146 8
104 147 9
104 149 3
105 107 4
105 109 5
105 111 8
105 112 10
105 113 6
105 117 3
105 119 10
105 121 7
105 122 8
105 125 8
105 128 7
105 129 9
105 130 9
105 132 4
105 133 7
105 134 3
105 136 6
105 139 10
105 140 10
105 142 6
105 143 6
105 145 2
105 148 8
105 149 10
106 109 1
106 116 8
106 117 8
106 119 8
106 121 2
106 123 5
106 124 1
106 126 1
106 130 3
106 134 10
106 135 2
106 137 8
106 138 10
106 140 4
106 141 2
106 142 10
106 144 10
106 145 8
106 147 5
106 148 8
107 109 10
107 110 7
107 115 2
107 116 2
107 119 7
107 122 7
107 124 3
107 125 9
107 126 10
107 127 4
107 128 6
107 129 5
107 136 7
107 137 5
107 138 2
107 142 10
107 143 6
107 144 2
107 147 9
108 110 7
108 111 1
108 114 2
108 120 1
108 122 6
108 123 5
108 124 9
108 125 10
108 127 8
108 128 8
108 129 7
108 130 10
108 134 8
108 137 10
108 139 4
108 140 10
108 144 2
108 145 7
108 146 2
109 111 7
109 112 10
109 113 6
109 114 4
109 115 10
109 119 5
109 123 2
109 124 7
109 125 1
109 126 2
109 127 8
109 129 4
109 135 8
109 136 9
109 139 10
109 144 3
109 146 7
109 147 10
110 114 7
110 115 10
110 118 4
110 119 1
110 120 5
110 124 10
110 125 9
110 126 4
110 129 5
110 131 1
110 136 5
110 138 9
110 141 9
110 145 3
110 147 4
110 148 10
110 149 6
111 114 4
111 115 10
111 118 8
111 119 6
111 124 2
111 125 9
111 127 5
111 128 10
111 129 10
111 130 3
111 131 9
111 134 6
111 136 3
111 137 4
111 138 10
111 139 5
111 140 6
111 142 1
111 143 7
111 144 3
111 145 6
111 146 1
111 149 7
112 114 4
112 116 3
112 117 8
112 118 9
112 119 5
112 123 2
112 125 7
112 126 5
112 127 3
112 128 10
112 132 7
112 134 2
112 135 3
112 136 1
112 137 4
112 138 1
112 140 2
112 142 5
112 144 2
112 145 1
112 147 2
112 148 8
113 116 8
113 118 4
113 121 4
113 128 2
113 129 2
113 130 4
113 133 8
113 136 3
113 137 8
113 140 4
113 141 10
113 143 6
113 144 4
113 145 9
113 146 6
113 147 6
113 148 10
114 115 5
114 116 7
114 117 5
114 120 1
114 122 10
114 123 3
114 124 4
114 127 8
114 128 5
114 131 4
114 134 2
114 136 8
114 137 6
114 139 8
114 140 6
114 141 7
114 142 9
114 144 1
114 145 8
114 146 6
114 149 5
115 118 6
115 119 1
115 120 1
115 121 4
115 122 2
115 124 5
115 125 5
115 127 6
115 128 5
115 129 5
115 132 9
115 135 3
115 136 8
115 138 3
115 139 6
115 140 10
115 142 3
115 145 1
115 147 2
115 148 9
115 149 10
116 117 4
116 118 1
116 120 4
116 121 2
116 126 9
116 128 4
116 133 6
116 134 2
116 136 6
116 138 9
116 140 8
116 141 4
116 143 2
116 144 10
116 145 7
116 147 5
117 118 3
117 119 10
117 120 1
117 121 3
117 126 8
117 128 7
117 130 9
117 134 9
117 135 10
117 140 4
117 143 1
117 144 4
117 145 3
117 146 2
117 148 3
117 149 10
118 121 6
118 122 7
118 123 8
118 124 9
118 125 5
118 127 10
118 130 8
118 134 5
118 136 3
118 137 4
118 140 8
118 141 1
118 143 7
118 144 7
118 145 10
118 149 9
119 122 10
119 126 5
119 127 3
119 130 4
119 132 1
119 133 1
119 135 6
119 137 1
119 139 5
119 141 5
119 143 6
119 145 8
119 146 8
119 147 8
119 148 10
120 130 10
120 134 6
120 135 5
120 136 7
120 137 4
120 138 10
120 141 7
120 145 2
120 146 1
120 148 1
120 149 2
121 123 2
121 124 6
121 125 2
121 126 3
121 127 3
121 130 6
121 131 7
121 132 10
121 133 7
121 135 7
121 143 8
121 144 2
121 148 5
121 149 9
122 124 3
122 127 5
122 128 5
122 130 10
122 132 4
122 133 5
122 136 7
122 138 7
122 141 10
122 148 7
123 125 10
123 129 3
123 130 10
123 131 6
123 132 10
123 134 3
123 137 1
123 138 4
123 139 6
123 140 1
123 144 6
123 145 7
123 146 7
123 148 2
124 128 4
124 129 7
124 130 8
124 132 3
124 136 1
124 138 8
124 139 3
124 141 3
124 142 1
124 143 2
124 144 5
124 145 10
124 147 3
124 148 5
125 126 6
125 127 1
125 129 6
125 131 7
125 134 3
125 136 8
125 138 6
125 140 3
125 143 5
125 148 5
126 127 5
126 128 2
126 129 4
126 130 2
126 132 7
126 133 6
126 135 2
126 136 7
126 138 5
126 142 1
126 143 2
126 144 5
126 146 9
126 148 6
126 149 4
127 128 4
127 129 8
127 131 8
127 133 4
127 134 9
127 136 9
127 137 3
127 138 2
127 140 3
127 146 3
127 149 8
128 129 5
128 135 3
128 138 5
128 139 10
128 142 2
128 145 6
128 146 7
128 147 8
128 148 7
129 130 10
129 131 8
129 132 7
129 133 6
129 134 5
129 135 2
129 138 7
129 139 6
129 140 7
129 141 3
129 149 10
130 131 3
130 133 6
130 138 3
130 139 1
130 140 4
130 141 9
130 144 8
130 147 5
130 148 1
131 136 5
131 137 6
131 138 7
131 139 1
131 140 7
131 142 7
131 143 6
131 144 3
131 146 5
131 148 2
131 149 3
132 135 8
132 136 10
132 138 9
132 141 10
132 142 4
132 144 4
132 145 8
132 146 3
132 148 9
133 134 9
133 135 4
133 139 1
133 140 5
133 141 8
133 142 4
133 144 8
133 148 4
134 135 1
134 136 2
134 139 4
134 142 5
134 143 4
134 144 3
134 145 1
134 146 8
134 147 1
135 136 8
135 137 6
135 138 9
135 141 10
135 142 6
135 143 1
135 144 6
135 147 6
135 148 7
136 137 5
136 138 8
136 139 9
136 142 9
136 143 4
136 146 8
137 139 10
137 140 2
137 141 4
137 142 3
137 146 8
137 148 7
138 140 3
138 141 7
138 143 6
138 147 9
138 148 4
138 149 5
139 140 8
139 141 1
139 144 7
139 146 3
139 147 9
139 149 10
140 143 1
140 148 1
140 149 10
141 142 5
141 143 7
141 144 3
141 145 4
141 148 8
141 149 9
142 143 2
142 144 8
142 145 7
142 146 2
143 145 5
143 146 2
143 148 3
143 149 8
144 145 7
144 146 2
144 147 9
144 149 1
145 148 6
145 149 9
147 149 1
148 149 1
